0 0 0 0 0 0 0 0 0 0 0 0 0 0 0 0 0 0 0 0 0 0 0 0 0 0 0 0 0 0 0 0 0 0 0 0 0 0 0 0 0 0 0 0 0 0 0 0 0 0 0 0 0 0 0 0 0 0 0 0 0 0 0 0 0 0 0 0 0 0 0 0 0 0 0 0 0 0 0 0 0 0 0 0 0 0 0 0 0 0 0 0 0 0 0 0 0 0 0 0 0 0 0 0 0 0 0 0 0 0 0 0 0 0 0 0 0 0 0 0 0 0 0 0 0 0 0 0 
0 0 0 0 0 0 0 0 0 0 0 0 0 0 0 0 0 0 0 0 0 0 0 0 0 0 0 0 0 0 0 0 0 0 0 0 0 0 0 0 0 0 0 0 0 0 0 0 0 0 0 0 0 0 0 0 0 0 0 0 0 0 0 0 0 0 0 0 0 0 0 0 0 0 0 0 0 0 0 0 0 0 0 0 0 0 0 0 0 0 0 0 0 0 0 0 0 0 0 0 0 0 0 0 0 0 0 0 0 0 0 0 0 0 0 0 0 0 0 0 0 0 0 0 0 0 0 0 
0 0 0 0 0 0 0 0 1 1 1 1 1 1 1 1 1 1 0 0 0 0 0 0 0 0 0 0 0 0 0 0 0 0 0 0 0 0 0 0 0 0 0 0 0 0 0 0 0 0 0 0 0 0 0 0 0 0 0 0 0 0 0 0 0 0 0 0 0 0 0 0 0 0 0 0 0 0 0 0 0 0 0 0 0 0 0 0 0 0 0 0 0 0 0 0 0 0 0 0 0 0 0 0 0 0 0 0 0 0 0 0 0 0 0 0 0 0 0 0 0 0 0 0 0 0 0 0 
0 0 0 0 0 0 0 0 0 0 0 0 0 0 0 0 0 0 0 0 0 0 0 0 0 0 0 0 0 0 0 0 0 0 0 0 0 0 0 0 0 0 0 0 0 0 0 0 0 0 0 0 0 0 0 0 0 0 0 0 0 0 0 0 0 0 0 0 0 0 0 0 0 0 0 0 0 0 0 0 0 0 0 0 0 0 0 0 0 0 0 0 0 0 0 0 0 0 0 0 0 0 0 0 0 0 0 0 0 0 0 0 0 0 0 0 0 0 0 0 0 0 0 0 0 0 0 0 
0 0 0 0 0 0 0 0 1 1 0 0 0 0 0 0 1 1 1 1 0 0 0 0 0 0 0 0 0 0 0 0 0 0 0 0 0 0 0 0 0 0 0 0 0 0 0 0 0 0 0 0 0 0 0 0 0 0 0 0 0 0 0 0 0 0 0 0 0 0 0 0 0 0 0 0 0 0 0 0 0 0 0 0 0 0 0 0 0 0 0 0 0 0 0 0 0 0 0 0 0 0 0 0 0 0 0 0 0 1 26 52 51 42 8 0 0 0 0 0 0 0 0 0 0 0 0 0 
0 0 0 0 0 0 0 0 1 2 2 2 2 2 2 2 2 2 2 1 0 0 0 0 0 1 1 1 1 0 0 0 0 0 0 0 0 0 0 0 0 0 0 0 0 0 0 0 0 0 0 0 0 0 0 0 0 0 0 0 0 0 0 0 0 0 0 0 0 0 0 0 0 0 0 0 0 0 0 0 0 0 0 0 0 0 0 0 0 0 3 10 8 9 0 0 0 0 0 0 0 0 0 0 0 0 0 0 0 33 114 163 175 145 71 1 0 0 0 0 0 0 0 0 0 0 0 0 
0 0 0 0 0 0 0 0 1 2 1 1 2 2 3 2 2 2 3 3 1 0 1 0 0 1 1 1 1 0 0 0 0 0 0 0 0 0 0 0 0 0 0 0 0 0 0 0 0 0 0 0 0 0 0 0 0 0 0 0 0 0 0 0 0 0 0 0 0 0 0 0 0 0 0 0 0 0 0 0 0 0 0 0 0 15 67 96 95 61 40 119 99 101 2 0 0 0 0 0 0 0 0 0 0 0 0 0 0 95 192 191 187 211 155 15 0 0 0 0 0 0 0 0 0 0 0 0 
0 0 0 0 0 0 0 0 18 68 98 123 113 106 106 116 122 94 63 13 2 2 3 2 2 1 1 1 2 1 0 0 0 0 0 0 0 0 0 0 0 0 0 0 0 0 0 0 0 0 1 1 1 2 2 1 1 0 0 0 0 0 0 0 0 0 0 0 0 0 0 0 0 0 0 0 0 0 0 0 0 0 0 0 0 19 139 168 175 125 47 146 85 138 2 0 0 0 0 1 0 1 0 0 0 0 2 2 4 148 230 98 68 193 221 35 0 0 0 0 0 0 0 0 0 0 0 0 
0 0 0 0 0 0 0 0 36 134 162 190 173 160 160 176 185 158 125 24 3 3 3 3 2 2 1 1 2 2 2 1 1 1 1 1 1 1 1 0 1 1 1 1 1 1 1 0 1 1 2 2 3 3 3 3 2 1 0 0 0 0 0 0 0 0 0 0 0 0 0 0 0 0 0 0 0 0 0 0 0 0 0 0 0 21 171 139 162 156 52 156 96 133 14 28 21 20 16 14 20 19 27 31 29 30 52 47 45 159 217 63 55 148 242 52 0 0 0 0 0 0 0 0 0 0 0 0 
0 0 0 0 0 0 0 0 49 169 124 59 69 59 67 62 58 139 162 29 8 6 6 6 6 6 6 10 10 8 3 2 1 1 4 27 23 27 5 0 0 0 1 1 1 1 1 0 1 1 3 11 8 10 8 10 7 1 0 0 0 0 0 0 0 0 0 0 0 0 0 0 0 0 0 0 0 0 0 0 0 0 0 0 0 10 189 165 187 169 78 133 79 114 170 230 185 165 150 124 163 129 161 168 152 170 110 112 42 154 183 80 97 104 243 64 0 0 0 0 0 0 0 0 0 0 0 0 
0 0 0 0 0 0 0 0 55 187 129 7 50 37 52 34 11 149 179 22 65 54 56 71 63 62 70 99 83 59 3 1 2 2 9 79 55 80 12 1 1 1 0 1 1 2 2 1 1 2 37 78 72 87 66 75 27 1 0 0 0 0 0 0 0 0 0 0 0 0 0 0 0 0 0 0 0 0 0 0 0 0 0 0 0 0 174 155 174 155 100 171 121 135 125 137 121 152 156 92 132 114 115 126 99 132 37 108 51 124 125 72 121 55 230 72 0 0 0 0 0 0 0 0 0 0 0 0 
0 0 0 0 0 0 0 0 55 185 127 2 48 36 51 33 9 148 176 12 100 63 78 122 99 89 89 76 76 67 4 0 2 2 11 108 32 110 16 2 2 2 2 2 2 2 3 1 0 21 110 131 137 133 109 130 42 1 0 0 0 0 0 0 0 0 0 0 0 0 0 0 0 0 0 0 0 0 0 0 0 0 0 0 0 0 175 156 175 155 123 200 102 39 113 118 80 130 87 45 46 98 148 110 85 106 127 135 16 129 79 54 145 17 229 90 0 0 0 0 0 0 0 0 0 0 0 0 
0 0 0 0 0 0 0 0 55 186 128 3 48 37 51 33 9 149 177 13 128 33 48 138 95 55 75 27 70 58 77 78 62 47 75 120 41 113 67 79 79 46 41 44 37 46 48 83 69 56 100 105 52 22 7 147 55 0 0 0 0 0 0 0 0 0 0 0 0 0 0 0 0 0 0 0 0 0 0 0 0 0 0 0 0 0 175 156 175 148 100 197 95 23 64 104 109 97 64 21 56 111 169 68 193 129 203 56 36 139 43 75 151 78 210 142 2 0 0 0 0 0 0 0 0 0 0 0 
0 0 0 0 0 0 0 0 52 178 124 23 51 40 53 38 25 143 169 17 137 1 30 121 86 30 42 36 42 99 131 143 120 112 126 116 81 96 122 145 130 111 88 102 88 102 111 127 108 70 89 125 95 62 59 145 58 0 0 0 0 0 0 0 0 0 0 0 0 0 0 0 0 0 0 0 0 0 0 0 0 0 0 0 0 0 174 155 174 109 107 155 94 17 50 111 119 82 65 13 61 112 170 23 230 96 233 63 94 153 46 111 146 161 154 217 33 0 0 0 0 0 0 0 0 0 0 0 
0 0 0 0 0 0 0 0 45 152 124 96 95 87 90 94 94 134 145 24 128 44 16 71 58 5 16 23 31 40 26 16 51 59 33 45 32 48 32 4 1 71 59 79 70 60 90 13 95 96 39 125 46 16 50 122 60 0 0 0 0 0 0 0 0 0 0 0 0 0 0 0 0 0 0 0 0 0 0 0 0 0 0 0 0 9 188 166 165 115 129 118 102 34 60 112 123 97 59 81 96 109 167 56 148 31 185 149 155 123 122 103 99 220 43 255 103 1 0 0 0 0 0 0 0 0 0 0 
0 0 0 0 0 0 0 0 45 147 102 26 44 36 46 37 28 117 141 28 109 88 6 5 13 21 50 14 38 28 66 65 31 26 62 89 45 26 65 82 80 27 15 33 25 40 51 26 106 108 20 130 43 11 61 119 61 0 0 0 0 0 0 0 0 0 0 0 0 0 0 0 0 0 0 0 0 0 0 0 0 0 0 0 0 18 165 140 94 11 40 66 72 47 33 88 93 92 79 86 59 21 90 12 72 89 111 127 183 46 172 69 52 222 101 225 176 18 0 0 0 0 0 0 0 0 0 0 
0 0 0 0 0 0 0 0 48 159 125 91 91 84 88 90 89 137 152 31 86 132 8 67 40 39 97 22 46 31 55 37 83 49 91 55 82 33 98 25 80 5 21 4 16 55 53 63 47 122 27 130 43 11 61 120 61 0 0 0 0 0 0 0 0 0 0 0 0 0 0 0 0 0 0 0 0 0 0 0 0 0 0 0 0 17 132 168 175 165 143 186 140 171 127 165 156 134 150 165 201 164 132 87 60 110 97 51 169 51 178 41 29 175 200 140 228 53 0 0 0 0 0 0 0 0 0 0 
0 0 0 0 0 0 0 0 56 185 126 3 46 34 50 31 10 147 177 36 61 164 19 125 88 49 128 39 51 36 58 40 74 29 70 95 44 29 65 84 32 10 55 43 41 50 67 107 23 147 18 131 44 12 60 120 60 0 0 0 0 0 0 0 0 0 0 0 0 0 0 0 0 0 0 0 0 0 0 0 0 0 0 0 1 13 56 83 106 99 89 81 62 56 27 11 25 39 54 77 59 61 76 87 105 84 87 57 123 132 147 21 17 121 234 35 236 95 0 0 0 0 0 0 0 0 0 0 
0 0 0 0 0 0 0 0 55 184 126 3 47 34 49 31 8 146 176 35 39 152 68 139 109 76 129 65 60 59 58 52 73 55 25 12 48 70 35 10 66 75 89 87 87 66 48 97 27 127 34 112 47 46 59 102 50 1 0 0 0 0 0 0 0 0 0 0 0 0 0 0 0 0 0 0 0 0 0 0 0 0 0 0 1 2 4 12 26 44 64 84 100 112 122 130 137 139 141 139 134 117 92 57 22 44 66 112 66 178 100 9 9 75 212 69 204 123 0 0 0 0 0 0 0 0 0 0 
0 0 0 0 0 0 0 0 55 185 128 2 47 36 50 32 9 147 176 35 20 112 89 113 97 86 110 77 82 98 69 80 71 118 130 152 125 121 133 148 126 94 88 104 111 85 104 120 123 107 34 87 62 83 64 80 35 2 0 0 0 0 0 0 0 0 0 0 0 0 0 0 0 0 0 0 0 0 0 0 0 0 0 0 1 6 28 50 69 81 87 87 83 76 66 54 37 16 14 46 82 117 146 166 176 166 107 137 36 175 65 3 3 73 194 49 194 123 0 0 0 0 0 0 0 0 0 0 
0 0 0 0 0 0 0 0 55 185 127 2 47 37 49 32 9 146 175 35 6 38 35 40 34 31 38 31 35 42 30 35 26 50 62 74 54 44 71 72 62 31 31 38 41 32 59 71 72 44 10 33 28 37 28 30 14 2 0 0 0 0 0 0 0 0 0 0 0 0 0 0 0 0 0 0 0 0 0 0 0 0 0 0 1 20 52 62 56 46 37 28 18 12 28 58 89 117 138 152 158 152 136 111 81 45 34 130 41 112 96 18 3 99 188 22 183 99 3 0 0 0 0 0 0 0 0 0 
0 0 0 0 0 0 0 0 44 152 140 135 127 117 119 127 131 145 142 28 1 1 2 3 2 2 2 2 2 2 2 2 3 2 1 1 2 2 2 1 2 3 3 2 2 3 2 2 1 1 2 2 2 2 2 3 3 2 0 0 0 0 0 0 0 0 0 0 0 0 0 0 0 0 0 0 0 0 0 0 0 0 0 0 0 29 63 46 18 17 14 21 48 79 106 124 130 124 111 91 67 43 23 8 2 19 53 63 66 47 139 81 11 101 162 92 161 71 8 0 0 0 0 0 0 0 0 0 
0 0 0 0 0 0 0 0 30 111 149 182 167 155 154 168 178 142 101 20 1 1 1 1 2 2 2 2 2 2 2 2 1 1 1 1 1 1 2 2 2 1 1 1 2 2 2 2 2 2 1 1 1 1 2 2 1 1 0 0 0 0 0 0 0 0 0 0 0 0 0 0 0 0 0 0 0 0 0 0 0 0 0 0 0 35 67 38 9 21 50 81 101 104 94 73 49 27 13 5 0 0 0 1 1 28 59 28 67 53 123 102 17 83 106 69 92 62 20 0 0 0 0 0 0 0 0 0 
0 0 0 0 0 0 0 0 7 28 39 49 44 42 42 47 49 38 25 5 1 1 0 0 0 0 0 0 0 0 0 0 0 1 1 1 1 1 1 1 1 0 0 0 0 1 0 1 0 0 0 0 0 0 0 0 0 0 0 0 0 0 0 0 0 0 1 0 1 0 0 0 0 0 0 0 0 0 0 0 0 0 0 0 0 32 67 34 34 64 82 78 59 35 17 6 1 0 1 1 1 1 1 0 0 36 63 19 36 73 103 98 55 62 32 8 33 65 31 0 0 0 0 0 0 0 0 0 
0 0 0 0 0 0 0 0 0 0 1 1 1 1 1 2 0 1 0 1 1 1 0 0 0 0 0 0 0 0 0 0 0 1 1 1 1 1 1 1 1 0 0 0 0 1 0 1 0 0 0 0 0 0 0 0 0 0 0 0 0 0 0 0 0 1 1 1 1 0 0 0 0 0 0 0 0 0 0 0 0 0 0 0 0 26 61 39 61 62 44 20 6 2 2 2 2 2 1 1 0 0 0 0 0 39 66 24 3 36 72 155 195 121 54 6 37 61 29 0 0 0 0 0 0 0 0 0 
0 0 0 0 0 0 0 0 1 1 2 2 2 2 2 2 2 2 2 2 1 1 0 0 0 0 0 0 0 0 0 0 0 1 1 1 1 1 1 1 1 0 0 0 0 1 0 1 0 0 0 0 0 0 0 0 0 0 0 0 0 0 0 0 0 0 1 1 1 0 0 0 0 0 0 0 0 0 0 0 0 0 0 0 1 17 48 43 51 26 6 1 2 2 1 1 0 1 0 0 0 0 0 0 0 32 58 37 14 26 45 33 17 40 48 28 57 53 21 0 0 0 0 0 0 0 0 0 
0 0 1 1 1 1 1 1 1 1 1 1 1 2 2 2 1 0 1 1 1 1 0 1 1 1 1 1 1 1 1 1 1 1 1 0 0 0 0 1 1 0 1 0 0 1 0 1 0 0 0 0 0 0 0 0 0 1 1 1 1 1 1 1 1 1 1 1 0 1 1 1 0 0 0 0 0 1 0 1 0 0 0 0 1 9 25 21 23 5 2 1 0 0 0 0 0 0 0 0 0 0 0 0 0 23 50 60 56 77 133 190 198 130 77 51 53 26 4 1 0 0 0 0 0 0 0 0 
0 1 0 0 0 0 0 0 0 0 0 0 1 1 1 2 0 0 0 0 0 0 0 0 0 0 0 0 0 0 0 0 0 0 0 0 0 0 0 0 0 0 0 0 0 0 0 0 0 0 0 0 0 0 0 0 0 0 0 0 0 0 0 1 1 1 1 0 0 1 0 1 0 0 0 0 0 0 0 0 0 0 0 0 1 2 4 5 5 2 1 0 0 0 0 0 0 0 0 0 0 0 0 0 0 6 18 34 53 64 69 63 61 66 63 57 30 4 2 0 0 0 0 1 0 1 1 0 
0 28 35 35 34 35 34 35 34 34 34 34 34 33 34 35 36 36 36 35 35 35 36 35 35 35 35 35 35 34 35 35 35 35 35 35 35 35 35 35 36 36 37 38 38 38 38 38 39 38 38 38 37 37 37 38 38 37 37 36 36 36 35 29 26 24 29 29 30 30 31 33 36 36 36 36 36 36 36 37 38 38 38 38 37 35 28 20 16 22 31 35 36 34 35 36 38 38 37 36 36 38 38 35 32 27 25 23 23 24 30 35 27 17 3 17 24 27 30 34 38 39 38 30 20 19 18 0 
0 162 205 207 206 205 205 205 206 206 207 207 207 207 207 208 207 207 207 207 207 207 207 206 206 205 205 205 205 205 206 206 205 205 205 205 206 207 207 208 208 209 209 209 208 208 208 208 208 208 209 209 209 210 212 213 213 212 211 211 213 215 203 167 151 146 178 180 184 184 182 193 203 212 215 212 216 224 230 230 229 231 232 234 231 216 173 122 93 130 183 190 181 168 193 221 231 227 215 210 215 228 232 204 165 133 147 164 186 205 223 215 195 176 171 174 171 171 190 213 233 225 186 131 77 112 102 0 
0 179 180 182 182 182 182 182 183 183 182 182 182 182 182 183 183 184 184 184 184 184 184 183 183 183 183 184 184 184 183 182 183 183 183 183 183 183 184 184 184 185 185 186 187 188 187 187 186 186 186 186 187 187 188 187 187 187 187 186 185 187 178 169 139 142 165 165 169 166 162 165 173 181 184 178 182 196 207 208 206 207 208 209 204 188 171 119 83 136 180 153 143 113 168 199 208 201 184 175 188 206 208 183 148 85 127 146 166 186 190 192 180 175 167 169 170 176 191 205 195 152 122 71 47 121 88 0 
0 172 12 10 9 10 12 12 11 10 9 10 10 9 9 9 9 10 10 10 10 11 11 12 11 11 12 12 12 11 11 11 11 12 12 11 11 11 10 9 9 9 10 6 23 40 54 58 59 60 61 62 62 63 65 67 64 48 28 9 8 9 40 136 40 94 48 44 35 20 27 17 15 16 8 16 20 40 23 9 10 11 11 8 15 69 149 96 47 115 115 63 157 90 151 44 15 23 56 9 56 18 11 130 162 57 108 15 31 66 15 23 26 40 22 29 33 47 66 44 69 170 162 69 50 114 67 0 
0 174 9 3 2 2 3 1 3 1 1 1 1 1 2 3 2 3 3 3 3 2 2 2 3 3 4 5 5 3 2 2 4 4 5 4 3 3 3 3 4 3 8 69 142 188 210 213 212 213 213 213 212 212 212 213 211 195 152 85 14 4 41 135 53 121 49 38 33 9 20 15 4 12 18 22 43 71 86 51 12 7 7 10 21 92 149 78 49 124 117 88 183 75 183 73 9 16 52 23 48 10 23 143 161 76 123 16 12 53 49 36 15 24 34 29 39 23 44 11 138 187 76 62 127 101 111 0 
0 174 9 3 1 2 2 1 2 1 1 0 0 1 1 0 1 2 2 2 1 1 1 2 4 4 4 2 3 15 19 20 11 2 2 3 4 3 0 1 1 2 15 131 189 171 154 149 147 147 146 146 146 146 146 146 149 168 190 154 32 1 40 132 57 125 15 24 37 13 21 14 9 5 10 28 37 51 80 101 66 25 9 5 20 102 143 60 43 130 122 92 189 30 166 106 69 43 29 22 15 36 40 124 133 82 102 5 18 46 55 59 32 10 47 36 70 54 35 33 178 151 29 133 142 57 147 0 
0 173 8 3 2 2 3 2 2 1 0 0 0 1 2 2 1 0 1 1 2 2 2 3 4 2 2 33 87 143 171 171 142 94 46 7 2 4 1 1 1 3 22 171 191 27 38 69 75 83 59 63 52 68 50 45 46 17 144 195 46 3 39 131 49 116 72 56 31 3 20 12 12 4 8 32 23 30 10 66 101 87 45 13 17 102 137 58 32 135 128 90 186 15 131 104 77 60 5 3 29 58 38 87 113 71 72 26 20 23 24 47 48 3 64 34 63 73 47 66 189 95 95 154 101 59 168 0 
0 172 9 3 3 3 3 3 3 2 1 1 1 2 2 2 1 0 0 2 2 3 3 3 3 2 47 138 195 210 198 200 212 205 161 79 12 3 3 2 2 5 27 190 189 55 95 90 83 89 95 79 77 96 100 104 110 84 107 210 54 2 38 135 35 94 29 15 5 25 20 12 1 5 10 38 18 37 65 26 41 94 93 49 17 93 136 60 32 142 129 92 183 46 94 91 75 65 5 9 35 47 24 62 99 54 50 12 6 23 35 42 58 4 50 44 25 54 78 86 178 37 143 115 6 77 150 0 
0 171 9 1 1 1 1 0 1 2 3 3 3 3 2 2 2 2 2 3 2 2 2 1 3 54 149 200 158 67 13 18 65 146 196 171 77 5 3 3 3 7 25 188 174 91 96 49 20 27 80 19 58 44 57 73 63 83 59 207 55 2 38 137 26 94 37 18 54 59 38 20 17 10 7 34 15 24 43 63 41 35 90 83 34 88 139 56 38 148 126 101 185 62 78 133 89 33 8 7 29 43 29 71 80 44 51 27 38 38 45 25 47 11 30 35 22 30 84 94 138 35 160 56 56 50 135 0 
0 171 9 0 1 1 1 1 1 2 3 3 3 3 2 2 2 3 2 2 1 2 1 1 43 148 198 123 15 109 129 113 75 27 119 200 153 32 4 21 32 42 43 175 161 86 82 37 22 32 80 20 63 25 22 19 15 91 55 206 55 2 38 135 43 117 49 46 38 74 69 13 28 18 13 29 18 19 24 42 58 28 38 90 62 87 142 54 41 158 122 107 187 76 65 165 113 9 9 10 9 21 28 93 51 48 58 40 44 34 37 15 30 34 3 26 38 46 40 39 88 55 156 34 73 55 143 0 
0 170 10 1 2 4 5 4 3 1 1 2 2 2 1 2 2 3 1 2 2 2 2 9 114 201 148 35 108 105 63 100 83 3 31 156 203 85 17 21 14 8 20 173 163 79 112 107 94 89 96 82 92 113 109 123 116 102 101 208 55 2 38 131 55 123 65 77 61 64 93 14 22 7 17 26 23 21 21 34 47 48 24 73 83 83 141 49 42 161 119 100 190 94 34 161 150 31 25 29 26 38 86 95 20 59 62 46 29 32 42 35 18 55 24 36 50 40 12 32 33 75 133 35 49 57 173 0 
0 170 10 1 2 3 3 3 2 1 1 2 1 3 1 3 2 3 1 2 2 3 3 40 177 195 61 90 77 65 115 123 83 2 1 88 206 148 29 6 23 39 40 168 179 28 68 98 105 109 85 66 68 72 87 87 95 61 137 205 51 0 39 129 65 134 42 63 52 63 75 5 21 22 13 16 16 20 25 27 32 40 40 34 86 61 144 53 45 163 117 83 194 117 16 135 163 77 70 67 69 91 100 56 42 63 55 44 13 34 47 51 8 61 21 38 49 27 33 55 32 103 99 32 3 49 199 0 
0 170 11 1 2 2 2 2 1 1 0 2 1 3 1 3 2 3 2 3 2 1 5 80 211 146 14 87 97 124 99 70 34 2 1 32 169 184 49 17 23 6 17 146 186 114 87 78 75 73 75 75 75 76 77 80 81 104 172 171 38 3 39 130 68 143 34 48 43 63 50 38 16 43 8 7 7 23 26 19 17 21 38 6 78 36 129 55 52 135 99 55 174 128 32 84 150 53 31 30 47 71 53 14 62 66 40 38 12 27 43 59 11 56 18 32 46 29 68 67 96 127 50 18 9 43 205 0 
0 170 11 4 13 17 21 21 21 22 22 22 21 21 22 21 17 12 4 3 1 1 4 125 215 94 3 35 37 33 10 27 26 12 2 7 128 189 79 22 9 2 10 97 168 198 207 208 208 208 207 207 206 207 207 207 207 204 178 118 21 5 39 130 69 147 30 37 5 32 29 56 14 59 6 6 9 24 27 13 7 15 40 20 61 13 91 75 80 86 68 56 108 121 133 105 125 61 50 33 45 49 11 40 70 70 28 23 11 27 41 53 11 46 26 21 43 57 92 51 139 138 14 8 10 30 200 0 
0 170 10 68 116 147 156 156 156 157 158 157 156 155 156 153 135 98 45 4 1 1 9 160 206 55 1 4 48 114 163 181 161 113 53 43 98 167 113 18 2 1 0 26 71 105 126 127 125 123 125 126 127 125 124 123 120 103 75 35 3 5 39 132 70 156 30 36 26 55 83 89 48 78 9 8 12 25 25 7 4 19 41 24 41 17 49 54 55 43 25 12 52 95 140 127 96 44 12 48 68 27 19 43 73 67 20 3 20 33 37 45 22 42 50 18 70 95 80 16 141 139 21 14 11 17 193 0 
0 170 59 144 180 186 189 186 186 186 190 190 190 191 190 191 195 181 130 31 4 3 21 184 190 29 5 55 146 184 173 151 160 167 140 85 47 141 144 23 2 1 2 2 2 19 52 83 103 108 106 106 105 107 107 108 109 112 114 103 76 43 34 136 69 163 25 43 24 15 32 61 53 92 15 10 12 27 23 2 7 20 39 31 33 32 19 13 11 13 11 12 18 19 27 35 20 10 24 58 73 14 36 45 69 64 15 14 34 20 20 37 24 24 59 26 97 89 36 20 139 140 24 15 14 16 192 0 
0 168 100 129 53 59 42 33 33 43 31 37 48 56 55 58 84 161 183 57 6 4 35 197 173 15 35 129 171 112 24 18 34 91 134 88 32 131 174 39 3 1 2 3 16 98 169 203 212 210 210 210 210 209 208 208 208 208 209 208 185 139 35 140 65 170 13 43 34 38 51 56 47 89 21 8 12 27 20 12 13 23 38 35 31 34 22 12 12 10 12 14 18 16 16 14 15 23 3 47 64 13 37 40 59 54 20 52 64 50 38 43 25 27 56 53 82 55 49 51 97 104 81 72 50 15 192 0 
0 166 131 116 73 131 150 136 125 131 118 109 28 2 2 2 5 133 214 77 8 6 48 204 155 6 89 166 121 18 25 15 11 16 55 103 105 104 177 44 18 26 26 25 54 165 161 106 61 73 84 95 89 73 76 81 94 95 97 114 153 190 74 138 56 174 10 38 33 17 27 52 24 79 30 9 12 27 20 19 15 22 36 38 27 25 27 4 15 10 8 8 10 5 3 4 8 23 12 52 50 22 37 30 41 46 124 178 190 187 179 167 147 135 151 154 139 106 74 87 137 193 231 228 197 132 166 0 
0 164 139 127 82 94 65 59 63 79 75 99 28 2 2 3 5 120 211 83 14 12 52 201 144 33 137 153 46 7 4 9 6 2 13 93 136 136 128 27 30 28 24 25 62 191 99 54 102 92 94 85 85 83 80 93 82 79 77 56 44 208 104 135 39 160 49 16 30 24 17 36 13 62 48 5 6 22 19 14 15 20 29 34 23 16 23 20 31 23 21 20 16 14 13 14 13 16 19 63 37 32 29 15 30 109 185 185 159 147 110 86 24 39 61 53 38 48 22 69 98 140 151 170 205 206 129 0 
0 164 138 141 45 76 80 57 40 44 19 70 76 56 51 64 77 107 168 78 34 36 41 176 147 70 165 106 7 3 2 8 9 2 15 38 69 82 61 14 7 26 27 27 69 202 61 96 66 92 91 94 77 41 58 82 110 116 108 100 33 208 122 131 23 135 71 46 13 20 18 34 28 39 64 31 6 10 12 7 19 18 22 24 19 15 19 15 7 6 5 6 6 6 6 6 7 6 23 62 36 35 12 4 21 133 158 60 17 7 125 124 117 111 116 130 123 134 108 60 128 9 8 21 83 195 69 0 
0 164 137 141 81 125 109 108 115 117 123 123 148 157 141 120 118 107 129 70 13 6 31 156 149 102 168 58 13 3 3 9 6 12 31 24 12 34 18 17 28 21 17 19 72 210 66 104 49 20 5 6 55 34 50 40 16 17 17 89 32 207 122 131 6 103 55 59 3 20 25 28 28 19 57 59 25 3 8 16 22 17 19 11 19 14 58 82 101 84 57 24 6 5 5 5 6 3 16 45 33 24 13 20 29 169 148 8 0 31 164 91 120 136 79 37 19 126 16 23 172 11 2 0 26 176 14 0 
0 164 138 128 30 34 28 40 55 53 51 33 27 8 33 27 56 61 105 72 32 32 35 133 147 118 148 24 12 4 5 2 32 53 41 49 24 32 18 36 34 6 7 9 74 216 100 98 109 112 106 98 89 68 79 106 112 118 108 96 32 207 121 132 6 96 58 71 11 23 44 28 12 29 25 64 55 15 11 27 22 15 17 1 18 79 117 117 105 95 82 59 41 19 2 5 6 5 10 27 30 33 36 42 42 187 155 6 1 43 169 31 111 180 55 56 40 117 9 22 178 11 2 1 22 172 16 0 
0 163 140 154 82 123 114 103 109 104 123 129 146 155 142 126 119 126 159 76 7 3 22 111 130 102 103 6 20 25 24 23 56 54 33 66 44 23 31 43 28 2 1 8 72 214 112 42 31 51 65 75 61 36 42 55 66 65 60 47 37 207 121 135 8 103 62 68 9 22 60 21 11 41 25 47 83 42 16 35 21 11 14 35 79 111 84 23 25 59 44 67 92 62 16 6 7 6 6 11 20 32 29 23 32 195 159 6 0 41 172 42 136 175 26 157 116 25 40 68 178 9 1 1 22 177 18 0 
0 161 140 152 53 77 84 106 122 119 83 36 61 64 47 43 40 116 200 80 7 3 7 69 90 40 70 29 45 47 47 24 53 25 50 78 54 32 58 46 22 2 1 7 71 214 108 72 90 108 100 99 69 77 57 84 62 64 17 2 52 207 123 138 8 106 60 67 15 17 67 19 30 50 43 20 78 89 28 37 20 8 30 77 96 61 14 31 33 46 6 39 71 99 46 4 8 7 5 2 11 7 12 1 42 194 156 6 2 27 153 88 69 67 98 187 133 99 18 116 148 5 1 1 21 179 19 0 
0 161 135 138 40 40 50 50 59 58 99 74 6 2 0 0 1 127 211 79 6 2 11 41 50 7 44 56 40 37 49 9 37 43 65 77 67 36 80 57 17 7 7 10 70 211 96 68 52 61 88 97 87 44 27 39 42 77 32 0 52 200 117 134 5 109 55 61 19 18 62 18 33 58 51 38 35 95 82 37 18 8 62 103 62 23 50 40 13 36 8 31 25 108 71 6 10 15 17 15 20 17 24 21 51 190 153 6 34 20 88 152 160 142 117 119 92 151 165 120 60 52 36 1 21 179 19 0 
0 151 95 105 39 80 100 123 137 134 111 70 28 29 30 31 53 132 163 60 56 56 57 30 23 40 29 62 54 9 57 35 29 47 60 64 57 24 77 73 68 70 71 73 79 187 89 81 61 55 31 21 84 13 25 10 7 98 39 0 50 177 106 121 38 112 49 52 20 23 61 36 36 55 47 53 37 35 77 73 47 35 90 102 19 71 81 74 52 7 21 26 18 104 101 27 28 30 30 31 12 14 21 32 72 190 152 18 66 78 56 64 14 13 73 90 68 59 18 28 86 99 76 6 21 179 19 0 
0 144 90 72 47 48 51 42 39 50 85 113 134 134 134 134 132 114 88 68 88 87 78 51 22 34 22 67 59 12 59 63 32 28 18 42 49 12 45 57 76 81 80 81 62 142 102 35 66 79 99 99 93 35 24 27 36 78 31 6 65 146 57 91 62 116 46 45 21 33 63 54 40 44 35 46 57 35 20 34 45 47 91 70 21 70 74 49 75 19 7 19 25 93 130 49 32 20 27 9 31 20 43 31 88 183 150 30 94 80 112 138 145 124 122 123 139 139 146 126 90 105 101 12 22 180 19 0 
0 91 49 33 27 44 60 78 91 96 92 90 89 89 89 88 73 48 20 28 29 27 27 64 62 45 16 80 52 15 67 91 37 21 7 41 36 14 13 8 13 15 15 14 5 83 105 72 39 33 25 21 31 14 22 9 20 58 75 97 114 110 28 64 82 121 44 41 21 40 62 62 43 31 30 47 44 47 40 27 8 32 69 26 45 31 76 54 71 2 8 25 19 68 151 75 62 35 61 3 68 20 63 53 90 169 149 35 106 81 48 54 35 6 21 31 37 39 50 45 40 110 112 15 23 182 19 0 
0 65 3 11 23 32 35 42 20 14 14 13 12 12 12 11 10 6 4 3 4 4 3 41 54 35 36 96 58 20 79 101 38 34 21 33 26 5 3 3 3 5 5 4 4 38 84 113 123 122 122 120 119 111 109 104 116 124 132 129 105 68 20 62 84 126 43 37 18 37 55 59 29 17 17 38 38 34 35 33 29 50 50 66 57 47 47 28 53 3 8 14 25 37 150 91 77 26 87 6 88 20 57 62 64 135 159 18 100 81 76 84 98 108 119 113 123 122 132 121 96 97 102 7 60 197 42 0 
0 66 1 5 3 3 25 46 14 5 1 3 3 5 5 4 2 1 1 1 1 1 1 16 39 19 31 85 84 69 76 92 25 38 11 22 12 6 3 1 1 3 4 3 1 5 8 22 32 36 37 39 40 41 43 44 43 41 39 30 19 6 27 62 87 134 46 34 14 26 44 48 9 36 28 17 35 30 25 24 25 65 50 78 44 69 29 29 42 33 23 26 27 32 133 79 76 10 85 20 88 34 38 83 37 85 165 133 86 35 26 41 44 37 20 25 23 17 37 31 24 50 95 126 181 211 116 0 
0 65 1 4 2 3 25 46 13 6 2 5 2 3 3 4 2 2 1 1 1 1 1 6 25 18 13 45 62 55 44 64 32 25 4 12 8 5 5 4 2 4 2 4 3 0 5 7 10 10 10 10 9 9 9 9 8 8 7 6 4 3 24 65 79 133 50 39 38 33 35 33 61 66 69 20 29 25 21 11 10 54 40 41 36 46 55 73 82 74 61 42 25 31 112 57 71 16 82 28 83 43 25 102 37 16 102 123 82 67 46 100 125 166 179 177 183 193 205 216 203 212 220 244 225 164 163 0 
0 65 1 4 2 3 26 47 13 7 3 5 3 3 2 3 3 4 3 4 4 4 3 1 9 20 28 25 13 13 16 53 59 25 19 20 6 2 5 5 2 3 2 3 4 4 5 5 5 5 3 2 2 2 1 1 2 4 6 5 4 3 23 61 86 128 26 35 50 52 61 66 67 58 72 66 67 61 57 53 51 33 24 21 40 10 46 40 38 36 33 33 9 28 93 42 62 31 84 43 79 52 20 100 27 33 64 80 50 51 42 96 77 91 90 93 93 104 124 139 145 145 142 124 92 41 200 0 
0 65 1 4 2 2 27 48 15 7 5 5 3 2 1 2 2 3 2 3 4 4 4 3 3 37 69 71 62 39 21 18 55 55 35 25 11 3 4 3 2 2 1 2 2 2 2 2 2 2 2 1 2 2 1 1 4 4 3 5 5 5 25 57 103 135 48 38 31 28 30 24 46 53 52 24 17 19 17 15 13 8 21 31 24 14 50 42 28 33 36 33 5 24 61 53 59 49 80 68 78 65 30 76 39 12 83 90 60 58 74 148 58 35 40 49 31 30 52 27 11 8 7 5 4 12 209 0 
0 65 0 5 1 2 28 49 16 5 3 2 2 0 1 0 0 0 0 1 1 1 2 3 29 77 91 78 63 57 18 32 55 52 23 17 11 4 5 3 1 2 1 2 1 0 0 0 0 0 1 2 4 2 2 2 2 3 3 2 2 3 26 48 120 133 21 20 23 28 37 42 53 61 63 62 63 70 78 83 89 69 55 23 11 16 38 28 22 27 37 29 16 19 36 46 14 20 45 53 46 43 40 56 31 31 89 70 15 20 86 143 39 76 90 96 86 66 74 33 5 3 2 5 6 16 214 0 
0 65 0 5 2 2 30 50 15 3 1 1 1 0 0 0 0 0 0 0 0 1 1 9 59 85 55 26 5 48 41 30 63 93 85 54 22 8 7 2 2 2 2 2 2 1 0 0 0 0 1 3 5 4 3 0 2 4 4 3 1 3 26 48 124 138 22 45 53 57 51 47 41 38 31 32 21 18 17 6 5 42 69 32 7 11 30 18 17 19 28 21 24 12 23 62 70 64 53 53 66 60 45 38 49 66 113 139 158 158 130 101 12 55 48 26 36 60 92 98 99 93 81 65 44 32 205 0 
0 65 1 4 2 3 31 51 14 4 2 2 1 0 0 0 0 0 1 0 1 1 1 32 78 65 19 18 23 33 30 57 63 57 50 34 14 8 8 1 2 2 1 2 2 1 1 1 1 2 3 4 4 3 3 2 1 1 1 3 3 4 27 47 123 137 32 56 44 54 56 56 55 47 37 41 39 53 71 68 68 52 68 19 27 46 48 38 36 44 57 64 38 18 27 78 24 10 13 27 34 44 49 56 62 74 100 119 141 148 131 98 62 82 112 119 105 68 40 15 29 72 85 102 77 69 185 0 
0 65 1 3 4 5 31 50 14 3 2 2 1 0 1 0 0 0 1 0 1 0 22 66 74 37 8 3 19 10 8 10 18 47 62 39 17 11 5 2 3 2 1 2 2 3 3 2 3 4 4 3 2 1 3 3 2 5 4 1 3 6 26 49 124 139 36 58 33 26 17 9 27 15 14 25 27 21 25 26 29 26 50 18 29 38 45 47 54 64 64 60 32 31 40 80 72 64 74 47 45 24 15 6 31 28 36 22 25 8 6 15 22 29 43 48 63 71 78 79 70 71 15 69 24 10 166 0 
0 65 1 2 1 3 31 50 14 3 2 1 2 0 1 1 1 1 1 0 2 16 62 82 54 20 21 61 85 75 66 41 26 50 57 25 14 8 2 1 2 1 1 3 14 35 54 60 49 32 12 1 0 1 3 1 1 19 46 68 77 70 39 37 127 141 30 51 60 68 70 69 58 49 36 38 38 43 57 55 38 28 49 33 39 47 30 17 18 24 30 47 57 39 29 58 26 36 43 33 43 39 43 2 50 42 63 53 64 47 51 43 38 43 34 63 50 63 38 31 9 93 24 83 38 38 167 0 
0 65 1 3 3 4 32 50 14 4 1 1 3 3 3 4 3 3 1 1 5 50 88 64 26 17 43 106 129 128 111 44 28 41 50 20 23 9 2 1 1 1 1 30 71 93 97 94 96 89 65 23 1 1 2 4 37 78 94 89 83 92 88 59 149 142 11 10 19 27 36 37 38 45 44 44 46 49 57 51 53 48 69 74 23 57 47 48 52 69 53 60 53 14 41 55 47 46 39 17 9 22 47 4 63 25 18 26 39 36 46 36 36 26 33 54 61 72 56 57 36 74 9 71 36 55 171 0 
0 65 1 3 2 2 32 51 15 4 3 3 3 3 4 3 3 3 2 2 34 84 81 30 10 2 74 127 86 66 85 67 87 29 77 100 100 66 18 2 1 0 28 75 73 24 30 49 21 34 78 70 22 3 2 34 79 63 7 54 75 49 21 38 177 142 10 11 11 11 12 14 12 6 3 1 11 9 10 9 22 21 67 97 8 43 45 44 46 58 38 37 33 27 78 71 63 59 61 45 54 43 51 7 54 44 59 45 48 32 36 29 34 13 23 19 21 19 15 26 23 53 8 48 33 60 166 0 
0 65 2 4 3 1 31 51 17 2 1 1 1 1 1 1 2 3 1 12 68 94 49 11 14 91 116 90 69 87 30 32 129 63 91 111 114 107 52 1 3 14 69 66 11 82 101 97 100 71 6 74 63 7 19 72 60 27 92 99 92 102 100 49 181 141 7 3 4 4 3 2 5 8 8 8 9 12 13 14 14 11 63 102 30 27 36 37 35 40 24 21 14 56 88 54 30 18 36 30 42 23 23 8 34 36 63 61 82 65 63 55 46 47 44 68 71 66 48 42 30 52 6 34 20 24 161 0 
0 65 2 4 3 2 30 52 18 2 0 0 0 0 0 1 1 3 2 44 95 72 13 9 30 140 95 32 46 79 77 77 160 86 40 29 66 120 76 4 2 44 82 10 77 70 28 13 34 75 70 25 84 34 52 81 10 85 65 22 8 29 84 65 161 140 9 3 1 0 1 2 4 35 52 57 36 9 3 2 2 3 39 98 61 13 20 21 5 32 3 14 13 70 77 24 13 11 10 6 5 5 7 6 3 1 4 8 13 15 19 29 25 40 32 46 30 50 39 55 35 77 7 64 43 72 178 0 
0 64 2 4 3 2 32 52 17 2 0 0 0 0 0 0 1 3 23 84 97 39 7 16 57 175 47 81 40 43 52 96 132 56 9 19 52 122 81 3 7 74 59 61 77 19 2 1 1 27 82 45 72 61 80 53 71 74 14 3 5 2 40 57 128 137 9 3 1 1 1 2 39 118 110 113 52 5 3 2 1 2 16 86 81 9 15 19 32 30 19 12 29 81 55 5 4 3 4 4 5 4 4 4 4 6 8 11 11 11 12 12 11 9 9 10 9 8 6 13 13 95 2 85 28 44 182 0 
0 64 2 3 3 3 33 54 15 3 0 0 0 0 0 1 1 6 61 106 72 15 10 12 94 156 37 65 49 38 45 91 75 11 8 14 50 121 77 2 25 89 13 92 40 2 4 5 3 3 49 86 34 69 83 11 96 36 2 5 3 2 28 55 116 135 9 4 2 5 17 48 117 140 71 110 61 18 2 1 1 3 2 74 90 9 17 21 28 19 20 12 34 81 44 1 3 1 1 1 2 1 1 1 1 1 1 2 1 1 1 2 2 2 3 5 6 9 8 9 16 97 6 96 14 7 178 0 
0 64 2 2 3 4 35 54 14 3 0 0 0 0 0 0 2 36 99 97 36 20 5 12 117 135 21 36 60 50 70 107 45 26 11 8 44 120 80 5 44 87 34 87 12 1 2 2 4 1 18 91 10 54 60 36 90 10 2 5 0 2 28 55 116 135 8 21 37 87 132 161 123 37 78 88 54 41 4 2 3 3 8 75 83 3 27 25 24 21 29 26 37 79 36 2 2 2 1 0 1 0 1 2 2 2 2 2 3 3 2 2 1 1 1 2 3 5 4 7 16 93 9 92 12 10 175 0 
0 64 2 1 3 5 35 55 13 4 1 1 0 0 0 2 8 77 113 68 13 26 3 9 126 121 27 24 48 43 92 113 32 35 13 8 28 105 104 28 60 75 60 72 3 2 2 0 3 2 8 87 52 45 47 68 81 5 3 5 1 1 27 54 116 136 10 66 84 102 64 24 56 99 91 25 64 88 10 4 6 10 54 107 69 31 28 28 22 17 22 26 43 74 24 2 2 3 3 2 1 1 1 2 1 2 2 2 2 1 1 2 2 2 2 1 1 1 1 5 16 91 11 88 7 6 172 0 
0 65 2 1 1 5 35 55 13 4 3 2 1 0 0 2 37 113 99 36 10 34 7 12 112 113 23 48 72 53 93 114 18 43 17 17 10 79 113 61 74 65 72 62 4 2 1 0 1 13 51 97 74 44 48 82 99 55 15 3 1 1 36 56 124 137 10 79 63 36 97 132 109 95 25 100 48 113 23 24 39 86 147 145 81 61 25 24 13 15 13 8 47 63 13 2 1 2 3 3 1 2 1 2 2 2 3 2 2 1 1 1 1 1 2 2 1 1 1 4 17 89 14 86 3 4 170 0 
0 65 2 1 1 5 37 57 13 5 4 4 3 2 2 15 84 126 69 17 14 37 8 2 97 106 28 45 25 25 87 102 16 44 23 25 7 45 101 88 91 62 74 61 4 1 1 2 7 57 86 84 23 28 28 27 83 87 60 12 2 9 74 64 155 139 9 84 74 64 71 49 46 39 31 116 17 86 112 150 171 181 162 98 86 85 19 22 25 27 22 16 57 47 2 1 1 1 2 3 1 2 2 2 2 2 1 2 3 1 1 1 0 1 2 2 0 0 0 3 18 89 17 86 2 4 170 0 
0 65 3 1 1 5 39 58 12 4 3 4 4 4 4 46 117 103 29 6 26 39 6 7 92 95 25 35 30 39 85 94 36 41 21 24 16 26 86 99 100 68 66 69 3 1 1 2 38 86 43 31 56 63 64 56 32 40 86 44 4 41 105 53 180 138 5 67 73 55 62 13 17 17 13 93 51 78 160 178 159 120 67 22 96 100 25 4 11 9 9 32 67 32 3 1 1 1 1 3 2 2 3 2 0 1 2 2 2 2 1 2 2 2 3 2 0 0 1 3 20 88 20 85 1 4 171 0 
0 65 3 1 2 5 41 59 11 5 1 1 2 2 11 86 124 58 3 5 50 39 23 4 75 94 19 28 22 24 63 94 42 37 16 19 26 13 82 103 91 81 44 84 6 2 2 10 76 66 27 52 37 65 67 36 51 32 63 82 20 77 90 12 181 135 1 65 97 51 77 58 77 66 36 81 92 74 75 41 12 3 9 23 75 108 52 14 16 5 8 37 73 27 4 2 1 1 1 2 2 2 2 1 0 2 2 0 1 2 2 3 2 3 3 3 2 1 1 4 20 87 21 84 1 3 171 0 
0 65 3 1 1 4 41 59 10 5 0 0 0 4 30 117 107 24 5 2 67 31 35 7 56 97 49 44 50 40 40 101 34 37 9 11 27 7 87 106 65 91 8 96 29 5 4 34 92 13 51 55 22 78 80 18 55 53 10 97 41 93 39 43 153 133 0 53 91 56 40 79 84 98 59 94 94 67 65 54 38 14 5 14 55 107 88 17 22 11 20 45 88 76 11 2 2 1 1 1 2 2 1 1 1 2 2 2 2 2 2 2 2 2 4 4 3 4 4 6 21 84 24 79 1 2 170 0 
0 65 2 1 1 3 40 58 9 6 1 1 1 3 31 121 95 7 8 7 77 26 43 7 26 84 70 33 23 21 48 106 21 41 7 6 20 15 89 109 39 83 49 78 67 6 1 61 81 40 16 55 62 76 75 61 50 15 40 81 41 81 12 29 129 135 2 33 74 74 60 94 61 87 66 99 77 32 46 47 45 29 5 9 40 87 99 51 11 16 30 81 111 153 77 18 5 3 2 1 0 1 1 1 2 2 2 1 0 1 1 1 1 1 3 2 2 3 3 7 24 80 27 76 1 2 170 0 
0 65 2 1 0 3 40 59 9 6 2 2 1 3 28 102 116 61 14 5 72 30 38 10 18 72 74 20 17 18 68 96 23 43 7 7 13 15 74 111 34 56 83 18 89 57 15 80 63 53 35 10 88 50 47 87 13 36 53 60 31 66 42 31 149 138 4 4 13 13 29 95 80 57 39 75 49 36 51 41 48 41 16 6 30 68 85 73 61 31 38 109 84 167 163 98 30 6 4 2 1 1 0 1 2 1 2 1 0 1 0 0 0 1 2 2 2 2 2 7 26 77 30 73 2 3 169 0 
0 65 2 2 1 3 41 60 10 5 2 3 1 0 7 57 111 114 73 21 63 32 30 10 19 64 74 5 10 12 97 78 37 42 4 8 7 11 53 108 49 23 80 56 42 96 84 88 69 54 13 61 80 18 16 75 68 13 49 70 44 70 46 42 171 138 5 1 2 3 12 64 64 21 7 46 26 35 57 43 52 50 22 11 18 53 63 62 73 82 82 108 66 89 161 171 105 22 5 2 1 1 1 1 2 1 2 1 1 1 0 0 0 1 2 2 2 1 2 5 29 74 33 71 2 3 167 0 
0 66 3 3 2 3 41 60 11 4 2 4 2 1 1 8 57 106 121 76 56 32 31 11 22 55 80 36 13 22 95 67 36 42 8 6 5 10 28 97 71 9 44 88 55 21 80 86 48 43 71 84 41 2 1 37 86 83 55 30 38 28 37 44 166 135 6 3 2 1 4 39 51 37 20 41 6 18 47 45 57 51 22 17 3 33 48 37 39 63 79 80 50 6 70 159 170 85 13 3 2 2 2 2 1 1 1 2 3 3 2 2 2 2 2 1 1 1 2 5 30 69 35 67 3 4 166 0 
0 67 3 3 4 5 41 59 12 4 2 5 2 0 0 1 6 45 112 118 52 32 37 9 24 26 86 52 8 32 96 56 34 40 11 1 11 14 1 80 91 21 7 52 89 91 68 57 45 97 91 48 7 2 2 5 39 87 106 57 27 51 82 57 134 131 5 3 3 3 2 18 37 48 55 75 18 32 34 44 62 49 21 23 10 13 35 35 21 29 25 24 25 19 5 84 175 154 50 1 1 1 2 3 2 2 2 2 2 1 1 1 1 1 1 2 2 1 1 4 31 66 37 65 4 6 166 0 
0 68 3 1 1 3 41 58 12 3 2 5 2 0 1 1 2 3 66 127 32 20 33 8 26 6 73 69 13 46 91 37 31 34 11 5 41 40 47 43 98 41 2 7 36 72 98 101 55 98 48 7 2 3 2 1 2 35 106 48 49 44 74 7 101 129 7 5 3 2 1 5 16 32 53 97 48 37 24 46 65 44 19 26 18 3 23 32 20 21 9 16 22 14 12 14 119 188 106 8 0 1 2 3 4 4 3 1 1 1 1 1 1 1 2 2 2 1 1 4 32 62 39 60 6 6 165 0 
0 66 3 3 2 2 41 58 11 4 2 5 2 0 1 1 1 2 25 110 69 7 20 9 21 9 55 78 75 75 77 17 30 27 10 9 56 48 70 18 90 63 7 0 2 7 20 87 37 88 48 2 2 2 1 0 3 41 98 23 35 44 58 29 81 128 73 67 60 53 48 41 35 35 32 61 32 26 22 50 67 35 15 28 25 4 13 25 14 15 8 14 20 13 9 8 52 180 158 29 1 4 4 3 3 3 3 3 3 1 1 2 2 2 2 3 4 3 2 5 32 59 40 55 7 5 164 0 
0 65 2 3 2 1 43 58 9 4 2 5 2 0 1 2 1 1 5 90 103 11 8 16 15 9 28 63 84 75 51 6 25 20 9 9 64 58 46 44 68 78 17 1 2 3 1 71 73 62 75 7 2 1 1 1 5 69 76 65 46 81 24 35 71 111 77 79 82 83 81 76 76 82 92 71 38 6 20 58 67 27 11 26 30 10 6 17 15 9 12 16 16 10 8 6 12 143 189 63 3 4 4 2 2 1 0 3 3 1 2 2 2 2 2 3 3 3 2 4 33 55 41 50 7 4 164 0 
0 64 1 2 3 1 43 59 9 5 2 5 2 0 1 1 0 1 1 79 110 18 3 21 8 6 10 3 9 13 8 14 21 16 9 8 56 97 33 83 41 80 30 1 1 2 2 46 93 14 93 36 3 1 1 1 30 93 29 91 49 94 36 28 69 79 7 14 21 27 30 31 32 38 53 52 54 21 25 66 62 17 8 23 32 14 2 8 14 11 11 15 9 9 8 5 5 96 186 108 42 38 35 31 28 23 20 18 14 9 8 8 8 6 5 3 3 3 1 4 35 53 42 48 7 3 164 0 
0 65 1 2 3 0 42 58 11 5 2 5 2 0 0 0 1 1 2 70 109 27 9 22 5 4 12 7 7 8 2 15 19 15 8 8 42 126 23 105 15 77 49 4 0 1 2 20 87 52 67 83 29 4 3 25 77 76 39 91 27 77 86 17 93 80 6 5 5 6 10 8 5 5 30 15 55 32 35 74 49 11 9 19 31 19 2 2 6 15 3 19 11 8 6 4 7 51 156 130 76 72 76 77 77 72 71 68 64 55 52 53 55 52 46 39 34 32 30 27 40 49 47 47 9 7 163 0 
0 67 0 3 2 1 41 57 12 4 2 5 2 0 0 0 1 1 3 56 107 48 17 17 8 3 10 6 4 8 6 11 17 14 10 5 30 126 73 94 22 70 67 13 1 0 1 3 57 88 11 79 92 66 64 90 87 10 84 64 7 41 102 70 95 84 5 4 5 4 9 6 2 2 32 25 58 40 56 73 30 9 11 18 27 23 6 2 2 13 6 17 18 7 4 2 3 21 114 113 40 39 44 46 44 41 43 49 57 58 58 63 69 73 72 70 69 68 69 69 58 47 49 57 61 55 154 0 
0 67 1 3 1 2 40 55 13 3 1 5 2 0 0 0 1 0 3 35 100 77 28 10 8 3 8 6 3 7 7 8 13 12 12 1 5 82 78 79 24 59 80 29 2 0 0 2 20 76 77 10 65 103 106 76 2 78 86 27 1 10 74 89 74 85 5 3 3 2 7 4 2 0 31 28 64 28 79 62 13 7 12 18 22 25 11 15 10 4 11 7 20 14 6 1 4 12 87 104 27 7 13 17 17 11 7 2 9 17 15 23 20 25 32 39 43 47 47 48 32 24 31 47 62 58 138 0 
0 67 2 4 1 3 40 54 12 2 1 4 3 3 2 1 1 0 1 13 82 102 46 6 9 5 7 7 2 3 4 5 10 10 14 5 5 5 15 20 17 43 80 47 2 1 0 0 3 30 78 92 70 37 36 65 92 88 38 2 2 4 36 87 40 84 5 1 2 2 5 3 1 1 30 27 47 46 82 37 3 6 13 18 19 23 15 68 49 55 13 4 11 20 11 2 5 12 80 104 35 12 18 15 9 4 3 4 4 6 6 16 8 3 2 7 8 10 12 16 11 2 2 4 6 8 117 0 
0 68 3 6 1 2 40 54 12 2 2 3 4 4 3 2 1 1 2 1 62 116 63 8 11 3 7 8 3 2 3 3 7 10 12 8 2 3 2 15 24 36 80 54 3 0 0 0 1 2 23 62 91 108 109 95 68 32 4 1 2 3 25 85 28 84 5 2 3 2 3 3 1 1 25 33 39 55 55 9 2 6 14 18 16 19 8 95 51 100 5 8 1 20 18 17 18 16 73 101 42 10 2 5 3 5 2 3 4 0 7 10 6 5 3 0 1 1 5 14 17 12 2 6 5 4 117 0 
0 70 2 6 1 2 40 54 13 2 1 1 1 2 4 4 3 3 4 4 46 124 76 10 13 0 5 8 8 5 2 3 5 10 11 9 4 3 2 10 26 37 85 59 8 1 0 0 1 0 1 7 18 27 28 20 10 4 2 1 1 3 24 86 27 85 4 3 2 2 0 3 1 1 17 40 38 22 6 7 1 7 14 18 15 16 10 114 24 125 31 7 6 12 21 31 38 32 63 102 40 10 3 6 2 3 5 4 3 8 10 6 1 5 5 3 0 0 1 6 14 17 9 3 6 4 120 0 
0 70 1 7 2 3 41 55 12 3 0 0 0 1 2 3 4 3 5 5 41 128 79 12 12 3 4 9 14 8 5 5 3 10 9 9 5 3 3 6 23 42 94 64 8 2 0 0 0 0 2 1 3 3 3 1 1 2 1 2 2 5 23 86 27 87 6 5 2 2 1 2 1 2 6 41 59 15 11 4 4 9 13 16 14 14 5 95 39 104 62 6 7 3 17 32 39 33 41 104 42 8 4 3 4 5 4 3 1 11 14 5 4 1 4 4 2 1 1 1 5 14 16 9 4 5 120 0 
0 70 1 5 2 0 44 57 10 4 0 0 0 0 0 1 2 2 3 5 38 131 79 12 9 7 3 9 17 10 1 6 3 10 8 7 8 2 3 2 15 34 96 78 7 4 0 0 0 0 1 1 1 1 1 1 2 1 2 2 1 5 22 85 31 89 7 6 4 3 1 2 2 2 1 31 71 24 16 4 5 8 11 13 14 14 5 61 73 79 60 2 6 8 9 29 50 30 11 106 53 5 5 2 5 5 2 2 3 10 16 2 6 3 2 4 4 2 1 1 2 7 14 16 12 2 120 0 
0 69 1 4 2 2 46 60 7 5 0 0 0 0 0 1 1 1 0 5 41 132 75 11 8 12 3 12 17 9 1 8 3 9 8 5 10 3 4 4 8 24 82 90 23 4 0 1 1 1 2 2 2 2 1 1 1 0 0 1 0 4 22 83 32 88 4 3 4 5 4 3 4 4 3 22 75 36 17 6 4 5 9 11 15 13 9 14 55 50 49 4 3 5 4 22 47 19 12 104 66 3 5 3 4 2 4 2 2 7 17 5 4 2 1 1 4 4 2 2 2 5 5 11 15 6 119 0 
0 69 0 3 0 5 46 61 6 5 0 0 0 0 0 0 0 0 1 4 47 133 69 11 9 13 2 15 16 9 3 9 2 9 8 1 10 6 2 4 4 16 66 98 41 5 1 1 1 1 1 1 1 2 2 2 2 1 1 1 1 4 22 82 34 87 4 2 3 5 5 3 4 3 5 17 76 49 14 7 1 3 8 12 16 13 5 20 11 7 6 7 7 7 5 11 40 18 18 95 80 9 5 3 4 3 3 5 2 8 15 4 2 2 4 3 1 3 3 2 4 7 7 5 10 10 115 0 
0 69 1 3 0 4 46 62 6 5 0 1 0 0 0 0 1 1 1 4 54 133 63 13 13 12 7 17 16 6 5 8 1 8 10 2 8 9 2 3 3 11 45 99 61 4 1 1 1 0 0 0 0 1 2 2 2 2 2 2 1 5 21 83 34 87 5 3 3 4 5 2 4 3 4 14 75 58 10 11 3 1 7 14 15 12 24 54 70 54 14 3 6 8 7 4 14 13 14 86 86 15 5 2 3 5 3 3 3 12 15 3 1 2 3 4 2 1 1 2 5 8 7 7 3 8 111 0 
0 68 1 3 0 4 45 62 6 6 1 0 0 0 0 0 0 0 0 5 60 133 57 14 15 10 11 17 14 3 5 6 1 8 12 4 6 12 2 3 2 7 33 100 75 5 1 1 2 1 1 1 0 1 1 1 1 1 0 2 1 5 22 83 35 88 4 3 3 3 6 5 5 3 3 14 77 62 8 11 8 6 7 16 13 11 21 69 62 85 26 1 2 4 6 8 3 13 17 79 91 23 4 4 2 2 4 0 3 16 17 1 0 0 3 4 2 2 3 6 8 6 6 6 6 1 109 0 
0 68 2 4 0 3 45 61 7 6 1 0 0 0 0 0 0 0 0 5 64 134 53 15 16 9 12 19 11 3 5 3 1 8 14 5 3 14 0 4 2 4 24 99 83 5 1 1 2 1 2 1 1 2 2 2 2 1 0 3 2 6 22 84 36 90 4 2 2 2 4 4 4 3 2 14 82 62 9 8 9 6 7 15 11 9 25 85 35 89 25 50 49 23 5 10 7 6 17 73 98 36 6 4 5 4 4 12 15 3 14 16 8 2 3 3 1 1 6 12 12 9 6 7 6 7 114 0 
0 67 2 4 0 3 46 61 6 6 2 1 1 1 0 0 1 1 2 5 64 132 52 16 16 8 16 18 5 5 3 2 1 8 15 5 2 16 3 5 5 8 26 107 83 5 2 1 2 1 2 1 1 0 0 1 1 2 1 3 2 5 23 83 37 91 5 3 1 1 1 1 1 2 3 15 86 64 9 8 7 6 8 12 9 8 6 80 21 76 33 59 63 47 34 37 34 20 9 52 108 57 4 7 10 12 13 17 18 13 8 22 20 13 4 2 5 4 9 10 7 6 7 8 5 11 118 0 
0 67 1 3 2 3 46 60 5 5 2 2 1 1 1 2 3 3 3 6 62 129 53 17 16 5 18 15 5 6 5 1 0 6 16 3 5 15 6 5 6 14 33 118 77 2 2 2 1 1 1 1 2 2 1 1 2 2 2 2 2 4 23 82 40 93 5 4 3 2 3 3 1 2 2 16 87 68 6 10 7 6 6 8 8 6 9 70 10 58 44 27 46 29 40 49 58 68 54 15 107 77 9 9 10 12 13 10 5 23 12 9 18 24 21 13 4 7 11 7 6 3 4 6 2 9 119 0 
0 67 2 2 1 4 47 62 4 6 2 2 2 3 2 1 2 2 1 4 58 127 56 17 15 2 17 10 8 6 6 1 2 6 17 1 7 13 8 5 7 18 45 125 64 5 6 6 5 5 6 7 7 8 10 10 10 9 9 10 11 12 27 85 40 94 4 3 3 2 2 3 3 4 4 15 86 75 3 13 7 5 2 5 7 4 11 70 14 55 26 36 25 28 23 15 42 45 63 22 91 91 23 7 6 3 4 5 10 20 10 3 1 8 19 22 18 14 13 6 2 4 5 3 3 6 118 0 
0 74 19 18 15 15 46 63 15 17 17 17 18 19 20 21 19 18 16 17 51 119 56 16 14 1 15 7 4 7 5 2 4 4 17 3 8 10 11 3 8 20 48 114 55 48 49 47 46 45 46 47 47 47 48 50 50 48 48 48 49 49 54 103 33 94 5 2 2 1 1 2 3 3 3 13 86 80 3 13 7 4 4 7 7 1 11 66 17 43 18 23 17 29 0 26 38 15 77 42 70 94 35 8 4 3 6 6 12 16 6 1 4 5 2 13 17 13 11 6 6 5 4 3 2 4 118 0 
0 129 109 110 110 111 95 80 53 56 62 61 61 61 61 60 59 57 56 55 57 101 50 14 14 1 14 2 1 7 4 3 6 1 16 5 9 8 14 1 11 21 50 101 42 38 36 35 34 31 30 28 29 27 26 24 23 23 22 22 21 21 38 111 24 93 7 4 4 2 1 0 1 2 3 12 87 84 5 13 5 3 6 8 7 3 9 47 26 22 29 10 12 38 19 32 53 26 74 24 48 90 44 7 4 2 2 3 12 15 6 5 4 3 3 2 8 6 6 2 2 2 1 1 3 2 118 0 
0 145 83 87 90 93 79 59 36 29 30 29 29 27 24 22 23 23 25 25 30 82 47 12 15 2 16 2 1 6 6 5 8 2 16 8 11 5 17 2 12 21 50 87 23 11 12 12 11 11 11 13 14 15 17 19 19 19 19 19 18 17 36 117 18 94 6 4 4 4 2 0 1 2 3 10 86 90 9 14 2 3 4 7 6 3 5 29 28 43 31 47 44 20 28 20 40 31 53 15 48 72 44 8 2 4 3 1 14 16 5 4 4 2 2 2 3 2 3 4 4 3 2 2 3 2 119 0 
0 148 46 46 45 43 37 30 29 32 35 33 32 32 32 33 32 31 30 30 35 79 55 11 14 4 15 2 4 5 7 7 9 3 15 11 11 1 18 5 11 21 59 93 28 17 18 18 17 14 13 13 15 16 17 18 17 17 15 15 15 16 33 107 27 94 5 2 3 5 4 2 1 3 2 8 81 96 14 14 1 2 4 7 7 4 2 14 4 32 32 47 45 31 21 19 20 19 16 22 42 53 45 11 2 2 2 2 17 16 2 1 1 3 1 2 4 3 3 3 4 4 2 1 2 2 119 0 
0 134 48 49 49 50 46 38 30 28 28 28 27 27 26 24 24 24 24 24 29 87 68 10 12 5 12 4 3 2 3 6 10 5 14 13 10 3 17 7 8 20 66 98 27 19 19 19 19 19 19 19 19 19 19 19 18 17 17 18 20 22 37 99 35 96 5 1 2 4 5 4 2 4 1 4 73 103 22 14 2 5 6 9 9 3 9 21 8 19 10 23 15 37 37 40 28 6 39 41 24 30 44 22 3 3 2 2 18 16 1 1 1 3 2 4 4 3 4 4 1 3 4 4 4 3 121 0 
0 114 20 20 19 18 19 21 19 19 19 20 19 18 18 18 19 18 18 17 22 92 82 6 10 5 9 3 3 6 4 4 12 7 14 14 9 5 15 11 5 16 78 107 30 25 25 27 27 29 30 30 29 27 25 24 24 26 29 29 29 29 39 86 49 97 5 1 1 1 3 4 2 4 1 2 62 108 31 12 5 9 6 8 11 5 13 19 16 15 3 26 19 9 20 34 37 46 54 32 19 18 39 33 2 4 4 3 18 16 2 1 1 2 4 7 4 5 5 2 1 1 3 5 6 6 123 0 
0 107 22 23 23 22 24 26 26 25 24 25 25 25 25 26 26 26 26 26 28 99 96 5 13 4 10 9 11 8 6 1 14 9 15 15 7 7 14 14 2 11 87 112 30 26 27 28 29 31 31 30 30 29 28 26 27 28 30 30 28 26 36 75 59 98 6 3 2 2 2 3 2 2 1 3 51 109 40 9 6 10 7 6 11 3 13 12 19 8 9 19 25 8 1 5 13 80 71 28 19 6 34 41 8 2 4 7 20 14 3 1 0 0 2 6 7 10 7 5 2 6 3 6 7 17 130 0 
0 100 11 9 9 11 16 17 15 12 12 12 14 15 15 14 14 14 15 17 17 105 106 11 16 6 11 11 10 8 11 8 13 8 14 15 3 9 10 17 1 8 97 110 15 7 8 7 7 6 5 5 6 6 6 8 8 8 5 5 5 6 25 66 67 100 5 4 5 4 3 3 3 3 1 3 40 108 54 6 4 7 6 2 11 3 14 2 19 4 12 9 26 15 5 4 12 90 77 30 20 1 23 45 19 1 2 9 23 14 7 3 1 1 0 2 5 8 5 10 4 11 6 3 24 57 123 0 
0 97 4 0 1 2 6 8 6 2 1 1 0 2 2 2 2 2 3 4 11 106 113 15 17 6 14 12 7 3 9 11 6 5 8 15 2 10 5 19 5 12 101 103 11 2 4 2 1 2 2 2 2 2 2 1 3 3 3 2 0 3 23 64 69 102 5 5 6 7 5 3 2 3 2 3 27 104 73 1 2 5 5 3 11 6 12 9 16 11 8 1 20 22 5 4 10 90 85 32 29 5 18 42 24 2 2 10 21 12 3 2 3 2 2 2 6 4 8 11 2 12 9 40 70 73 98 0 
0 97 5 1 1 1 5 8 7 2 1 1 1 2 2 2 2 2 2 4 7 99 119 20 21 4 16 13 7 4 3 5 6 2 4 14 6 12 2 21 10 15 101 94 8 2 3 2 1 1 1 0 1 1 1 2 2 3 4 3 3 2 23 63 70 103 5 3 4 5 6 3 2 3 3 2 16 98 90 6 7 3 4 6 12 10 11 15 11 18 4 4 11 23 12 4 5 85 93 27 30 4 9 43 33 1 1 7 18 23 19 10 1 4 3 3 6 1 8 8 3 6 40 72 67 34 66 0 
0 98 5 2 1 2 5 8 6 2 1 0 0 1 0 1 1 1 1 1 4 83 127 35 26 2 23 9 4 5 7 5 13 4 4 13 9 13 4 22 13 16 99 95 10 1 3 2 1 0 1 0 1 1 2 3 2 2 1 1 3 2 21 63 71 104 4 1 1 2 6 6 6 5 4 2 7 91 100 12 11 2 2 8 11 15 9 22 4 21 1 7 6 17 16 5 6 81 95 24 34 8 17 39 27 2 3 1 4 11 19 21 12 2 2 3 4 2 7 5 5 5 50 68 24 3 60 0 
0 99 6 2 1 3 5 7 6 2 1 0 0 0 0 0 0 0 0 0 4 65 132 51 29 10 25 6 3 6 7 3 15 5 4 12 10 13 7 22 16 12 91 105 21 1 3 1 1 0 1 0 1 0 2 4 3 4 5 4 3 3 21 63 71 105 4 3 3 3 4 5 4 4 2 1 6 86 105 17 12 2 1 7 7 16 3 20 7 19 6 7 8 10 16 6 10 78 90 15 34 18 38 40 20 3 1 2 4 4 6 19 21 13 2 2 2 2 4 7 8 11 66 69 10 5 64 0 
0 99 6 2 1 3 5 7 5 1 0 0 0 0 0 0 0 0 0 0 5 47 131 62 24 18 23 1 4 8 6 3 15 7 4 11 8 12 10 19 22 1 74 112 33 1 3 1 1 0 0 0 0 0 2 5 2 1 1 1 1 4 20 62 70 106 5 5 5 4 2 1 3 5 2 0 4 79 108 23 13 4 4 4 4 15 4 17 14 13 13 3 6 4 10 8 9 75 84 5 30 24 42 22 4 2 3 2 1 4 3 6 18 21 8 2 3 2 2 6 6 6 56 76 16 5 65 0 
0 99 6 2 3 3 5 7 5 1 0 0 0 0 0 1 0 1 0 0 4 37 128 66 14 23 15 2 7 7 2 5 15 12 9 9 7 10 13 15 26 3 60 113 44 2 3 2 1 1 0 1 0 0 2 5 3 0 0 0 0 5 20 63 70 106 3 1 1 5 3 2 4 5 2 1 2 71 113 32 14 5 5 4 1 12 8 11 18 4 20 3 3 0 6 8 8 70 79 10 19 23 34 5 3 3 2 4 2 3 3 2 10 23 15 3 2 3 4 2 0 3 46 78 27 6 66 0 
0 99 7 2 2 1 4 7 5 2 0 1 0 0 0 1 1 1 1 0 5 32 122 71 2 22 9 5 9 5 3 9 18 12 6 3 3 6 15 9 29 8 48 110 54 3 2 2 1 1 1 2 1 0 1 5 3 1 0 0 0 5 20 64 70 105 7 6 4 4 5 3 2 4 2 0 1 65 118 40 12 5 5 4 5 9 11 8 19 7 22 11 4 5 4 6 5 66 78 19 19 21 18 1 3 9 15 17 14 9 4 3 4 18 21 4 4 4 5 2 1 4 33 79 41 5 65 0 
0 99 7 1 0 1 4 7 4 2 0 1 0 0 0 1 1 1 1 2 5 27 112 80 15 19 6 7 7 0 5 9 19 11 4 3 3 3 15 4 27 12 40 108 67 2 2 2 1 3 1 3 1 0 1 4 4 1 1 0 1 6 20 65 68 103 5 4 5 4 4 3 3 3 2 1 2 67 120 41 13 8 2 5 8 5 14 4 18 15 21 18 3 2 8 6 8 62 82 28 15 12 6 2 12 20 26 28 28 23 15 3 3 12 23 11 4 4 5 2 2 4 22 77 51 5 65 0 
0 100 7 1 1 1 6 6 2 2 1 1 0 0 0 1 1 1 2 2 4 20 100 93 27 16 5 8 6 3 6 10 16 6 8 5 4 1 14 3 26 17 28 99 85 14 1 2 2 4 2 3 1 0 1 3 4 3 1 1 1 6 20 65 68 103 6 1 1 2 3 4 3 2 1 1 2 77 120 35 12 11 1 9 10 1 17 2 17 19 16 23 4 3 11 9 12 61 86 29 12 4 4 8 23 24 14 8 13 23 28 14 3 4 22 16 2 3 7 4 2 4 15 76 57 4 64 0 
0 101 6 1 0 2 6 5 2 3 3 2 1 0 0 1 1 1 2 3 4 20 97 101 33 9 2 7 6 5 7 8 13 5 8 4 4 2 14 7 25 22 15 78 101 36 1 1 1 4 3 2 1 0 0 1 3 4 3 2 2 6 22 60 84 115 39 34 31 26 23 20 17 15 12 10 7 91 120 24 13 12 1 11 11 4 22 3 14 21 5 24 5 3 8 10 11 60 88 30 10 5 3 18 27 14 1 3 2 11 28 23 7 1 17 20 3 4 6 4 2 5 11 76 63 3 64 0 
0 102 6 1 1 2 5 5 1 1 2 2 1 1 1 0 1 2 2 2 3 34 108 97 24 2 5 5 5 6 8 6 10 4 7 5 4 2 14 11 21 31 6 46 106 62 3 1 1 3 3 2 1 0 0 0 2 3 4 5 5 3 23 55 95 118 28 30 34 38 40 42 41 39 36 33 32 105 130 24 12 11 3 11 11 8 23 5 11 18 6 19 12 2 9 16 2 61 86 27 9 9 2 27 22 1 3 1 3 2 20 28 10 1 15 23 7 5 5 4 3 4 9 75 65 1 64 0 
0 101 5 1 1 2 3 4 2 2 3 2 0 1 1 1 2 3 3 3 1 59 118 72 7 5 6 3 2 4 7 5 7 5 3 4 2 3 12 14 17 35 10 18 96 86 14 1 0 2 3 1 1 1 1 1 0 1 2 2 2 1 25 54 94 119 41 35 29 21 15 10 5 4 6 7 9 103 133 28 11 10 4 12 7 12 19 8 9 10 14 7 17 14 5 18 10 63 82 24 10 11 15 33 17 8 3 2 0 2 12 31 15 4 15 26 9 4 1 3 4 4 10 75 65 1 65 0 
1 102 7 5 6 6 5 6 4 2 1 1 1 1 1 1 2 4 5 4 15 91 120 47 8 7 13 11 10 10 8 3 9 14 12 9 8 8 10 18 13 38 21 11 74 104 35 2 2 3 4 4 3 2 2 2 2 4 4 4 5 6 26 61 73 108 44 42 42 44 44 44 42 38 35 32 30 98 130 31 9 10 6 13 3 16 11 11 11 3 12 6 11 20 21 4 21 71 77 22 20 26 41 49 42 40 42 42 39 39 39 49 36 23 22 32 18 15 13 11 9 8 13 77 64 4 66 0 
0 99 75 75 75 75 77 78 79 80 81 81 81 81 80 80 79 79 79 80 77 121 142 148 159 158 157 159 161 164 163 161 157 155 154 155 156 155 157 161 160 155 146 142 127 131 88 80 80 79 79 79 79 79 78 77 78 78 78 78 77 77 74 82 85 118 114 113 114 117 117 117 119 119 119 117 115 118 115 45 34 37 39 37 36 39 37 36 35 37 41 46 46 38 34 36 43 86 93 91 94 90 90 97 107 108 103 99 95 93 87 78 66 59 66 77 82 84 83 85 88 92 94 103 84 53 68 0 
0 73 91 93 92 93 93 94 95 96 96 96 96 96 96 97 97 97 97 95 105 153 195 225 229 231 234 237 236 230 225 224 227 228 226 224 223 222 224 229 231 224 208 202 186 159 115 91 91 92 93 91 91 90 91 91 91 91 92 93 93 93 85 68 67 89 113 116 120 120 121 120 120 121 122 124 126 104 79 25 15 19 21 19 15 19 18 20 18 18 20 22 28 31 26 21 21 62 88 107 121 135 148 158 165 169 171 172 172 173 167 154 139 127 128 136 143 146 143 141 141 141 137 115 85 59 49 0 
0 0 0 0 0 0 0 0 0 0 0 0 0 0 0 0 0 0 0 0 0 0 0 0 0 0 0 0 0 0 0 0 0 0 0 0 0 0 0 0 0 0 0 0 0 0 0 0 0 0 0 0 1 0 0 0 1 0 0 0 0 0 0 0 0 0 0 0 0 0 0 0 0 0 0 0 0 0 0 0 1 0 0 0 1 0 0 0 1 0 0 0 0 0 0 0 1 0 0 0 0 0 0 0 1 0 0 0 1 0 0 0 0 0 0 0 0 0 0 0 1 0 0 0 1 0 1 0 
