0 0 0 0 0 0 0 0 0 0 0 0 0 0 0 0 0 0 0 0 0 0 0 0 0 0 0 0 0 0 0 0 0 0 0 0 0 0 0 0 0 0 0 0 0 0 0 0 0 0 0 0 0 0 0 0 0 0 0 0 0 0 0 0 0 0 0 0 0 0 0 0 0 0 0 0 0 0 0 0 0 0 0 0 0 0 0 0 0 0 0 0 0 0 0 0 0 0 0 0 0 0 0 0 0 0 0 0 0 0 0 0 0 0 0 0 0 0 0 0 0 0 0 0 0 0 0 0 
0 251 251 251 251 251 251 251 251 251 251 251 251 251 251 251 251 251 251 251 251 251 251 251 251 251 251 251 251 251 251 251 251 251 251 251 251 251 251 251 251 251 251 251 251 251 251 251 251 251 251 251 251 251 251 251 251 251 251 251 251 251 251 251 251 251 251 251 251 251 251 251 251 251 251 251 251 251 251 251 251 251 251 251 251 251 251 251 251 251 251 251 251 251 251 251 251 251 251 251 251 251 251 251 251 251 251 251 251 251 251 251 251 251 251 251 251 251 251 251 251 251 251 251 251 251 251 0 
0 251 251 251 251 251 251 251 34 169 40 40 40 40 40 40 56 97 251 251 251 251 251 251 251 251 251 251 251 251 251 251 251 251 251 251 251 251 251 251 251 251 251 251 251 251 251 251 251 251 251 251 251 251 251 251 251 251 251 251 251 251 251 251 251 251 251 251 251 251 251 251 251 251 251 251 251 251 251 251 251 251 251 251 251 251 251 251 251 251 251 251 251 251 251 251 251 251 251 251 251 251 251 251 251 251 251 251 251 251 251 251 251 251 251 251 251 251 251 251 251 251 251 251 251 251 251 0 
0 251 251 251 251 251 251 251 236 244 226 226 226 226 226 226 244 236 251 251 251 251 251 251 251 251 251 251 251 251 251 251 251 251 251 251 251 251 251 251 251 251 251 251 251 251 251 251 251 251 251 251 251 251 251 251 251 251 251 251 251 251 251 251 251 251 251 251 251 251 251 251 251 251 251 251 251 251 251 251 251 251 251 251 251 251 251 251 251 251 251 251 251 251 251 251 251 251 251 251 251 251 251 251 251 251 251 251 251 251 251 251 251 251 251 251 251 251 251 251 251 251 251 251 251 251 251 0 
0 251 251 251 251 251 251 251 241 250 177 177 177 177 177 177 38 38 56 97 251 251 251 251 251 251 251 251 251 251 251 251 251 251 251 251 251 251 251 251 251 251 251 251 251 251 251 251 251 251 251 251 251 251 251 251 251 251 251 251 251 251 251 251 251 251 251 251 251 251 251 251 251 251 251 251 251 251 251 251 251 251 251 251 251 251 251 251 251 251 251 251 251 251 251 251 251 251 251 251 251 251 251 251 251 251 251 251 251 4 155 118 119 239 8 251 251 251 251 251 251 251 251 251 251 251 251 0 
0 251 251 251 251 251 251 251 185 60 215 21 125 215 21 158 191 215 80 151 251 251 251 251 251 34 169 56 97 251 251 251 251 251 251 251 251 251 251 251 251 251 251 251 251 251 251 251 251 251 251 251 251 251 251 251 251 251 251 251 251 251 251 251 251 251 251 251 251 251 251 251 251 251 251 251 251 251 251 251 251 251 251 251 251 251 251 251 251 251 247 57 185 170 251 251 251 251 251 251 251 251 251 251 251 251 251 251 251 139 151 32 80 238 135 212 251 251 251 251 251 251 251 251 251 251 251 0 
0 251 251 251 251 251 251 251 240 97 45 123 145 148 250 236 236 220 181 157 32 44 97 251 251 185 231 122 188 251 251 251 251 251 251 251 251 251 251 251 251 251 251 251 251 251 251 251 251 251 251 251 251 251 251 251 251 251 251 251 251 251 251 251 251 251 251 251 251 251 251 251 251 251 251 251 251 251 251 251 251 251 251 251 251 225 143 196 245 180 225 242 241 151 121 251 251 251 251 251 251 251 251 251 251 251 251 251 251 211 206 242 32 110 219 41 251 251 251 251 251 251 251 251 251 251 251 0 
0 251 251 251 251 251 251 251 28 7 228 77 215 174 142 17 6 253 248 163 89 216 27 239 218 143 192 8 249 97 251 251 251 251 251 251 251 251 251 251 251 251 251 251 251 251 251 251 251 251 34 169 40 143 218 131 97 251 251 251 251 251 251 251 251 251 251 251 251 251 251 251 251 251 251 251 251 251 251 251 251 251 251 251 251 123 166 142 208 150 194 76 226 245 129 251 251 251 251 34 44 97 251 251 251 251 170 206 120 204 127 195 36 39 206 190 251 251 251 251 251 251 251 251 251 251 251 0 
0 251 251 251 251 251 251 251 24 105 107 234 178 254 165 192 242 229 176 246 242 219 177 234 175 175 195 191 37 209 236 56 97 34 169 56 107 212 212 251 34 169 40 40 40 56 97 251 34 169 215 30 236 174 245 137 31 97 251 251 251 251 251 251 251 251 251 251 251 251 251 251 251 251 251 251 251 251 251 251 251 251 251 251 251 167 106 235 138 174 72 65 208 226 60 2 244 189 16 246 254 72 254 215 186 101 232 142 143 168 245 110 211 186 107 103 251 251 251 251 251 251 251 251 251 251 251 0 
0 251 251 251 251 251 251 251 42 176 246 241 171 47 177 226 128 219 224 46 163 41 212 234 173 245 228 163 136 81 71 74 188 185 31 209 36 146 208 251 236 244 244 99 147 122 188 251 185 231 141 229 184 138 94 54 87 188 251 251 251 251 251 251 251 251 251 251 251 251 251 251 251 251 251 251 251 251 251 251 251 251 251 251 251 172 249 224 155 237 64 165 228 105 64 169 224 131 214 202 76 207 159 161 181 78 4 140 154 165 25 197 218 199 63 237 251 251 251 251 251 251 251 251 251 251 251 0 
0 251 251 251 251 251 251 251 246 200 188 151 68 249 75 161 213 28 72 117 102 148 66 8 210 167 149 48 224 250 62 199 105 165 122 200 23 213 152 238 74 26 54 215 126 120 249 40 149 86 32 130 254 222 72 218 222 235 251 251 251 251 251 251 251 251 251 251 251 251 251 251 251 251 251 251 251 251 251 251 251 251 251 251 251 251 148 216 129 189 70 185 152 124 52 191 176 180 237 98 52 182 66 67 56 8 125 181 86 145 68 178 80 254 234 188 251 251 251 251 251 251 251 251 251 251 251 0 
0 251 251 251 251 251 251 251 195 128 83 171 161 236 188 12 222 129 180 208 66 195 189 174 198 253 250 63 146 253 122 251 7 246 234 172 224 246 246 92 181 22 244 116 67 119 252 147 47 238 163 168 94 168 157 14 154 28 251 251 251 251 251 251 251 251 251 251 251 251 251 251 251 251 251 251 251 251 251 251 251 251 251 251 251 251 139 48 251 158 66 232 100 149 15 138 50 169 78 223 197 34 75 102 211 176 63 255 28 208 172 174 156 177 155 224 251 251 251 251 251 251 251 251 251 251 251 0 
0 251 251 251 251 251 251 251 246 240 86 251 50 159 113 14 74 185 40 251 78 239 56 185 211 67 211 243 190 203 72 46 189 123 3 177 111 212 247 232 52 50 164 227 237 177 67 166 149 120 1 87 127 23 136 184 122 251 251 251 251 251 251 251 251 251 251 251 251 251 251 251 251 251 251 251 251 251 251 251 251 251 251 251 251 251 139 48 251 176 106 237 186 229 242 164 176 194 224 99 215 162 206 35 252 134 160 236 233 215 202 56 147 175 102 46 127 251 251 251 251 251 251 251 251 251 251 0 
0 251 251 251 251 251 251 251 172 91 200 240 228 213 246 158 218 222 109 75 174 227 230 190 232 48 75 155 188 210 40 206 212 184 171 130 66 99 228 102 159 123 202 63 0 112 221 0 185 177 238 196 220 110 122 105 168 251 251 251 251 251 251 251 251 251 251 251 251 251 251 251 251 251 251 251 251 251 251 251 251 251 251 251 251 251 244 234 200 218 169 96 114 167 254 186 220 187 142 61 182 190 153 235 224 227 109 245 172 179 193 36 176 115 180 114 72 251 251 251 251 251 251 251 251 251 251 0 
0 251 251 251 251 251 251 251 103 119 192 13 182 178 196 245 212 137 146 32 206 96 215 190 71 252 62 192 130 41 233 145 38 145 176 140 222 202 119 52 122 190 110 230 168 234 42 172 71 168 140 142 193 206 133 118 14 251 251 251 251 251 251 251 251 251 251 251 251 251 251 251 251 251 251 251 251 251 251 251 251 251 251 251 251 131 254 227 146 194 166 38 212 26 151 85 122 254 38 34 221 166 207 222 176 30 37 31 19 224 214 173 233 58 184 198 189 97 251 251 251 251 251 251 251 251 251 0 
0 251 251 251 251 251 251 251 48 120 187 70 85 137 158 134 230 12 114 113 178 112 107 210 103 82 42 128 122 169 203 70 178 29 217 219 228 203 116 12 247 188 227 88 239 11 42 195 20 251 120 80 164 248 38 64 188 251 251 251 251 251 251 251 251 251 251 251 251 251 251 251 251 251 251 251 251 251 251 251 251 251 251 251 251 151 38 242 20 222 64 175 212 23 147 241 199 25 120 156 192 130 226 61 55 26 58 252 192 250 36 182 173 218 150 151 132 101 251 251 251 251 251 251 251 251 251 0 
0 251 251 251 251 251 251 251 102 195 239 181 137 192 234 55 154 190 50 154 110 32 227 138 222 60 74 107 154 133 76 54 148 241 164 157 79 178 158 220 230 164 161 62 254 106 41 192 100 125 153 178 217 24 62 48 50 251 251 251 251 251 251 251 251 251 251 251 251 251 251 251 251 251 251 251 251 251 251 251 251 251 251 251 251 134 131 132 251 115 72 162 195 50 26 91 92 192 208 250 65 244 39 127 211 240 86 248 219 126 216 33 71 242 208 108 247 155 251 251 251 251 251 251 251 251 251 0 
0 251 251 251 251 251 251 251 196 156 149 180 218 99 242 62 156 146 174 115 90 109 168 53 178 17 102 181 130 190 134 148 82 166 31 197 157 132 40 169 248 179 181 154 224 199 176 167 7 112 43 180 82 151 174 134 44 251 251 251 251 251 251 251 251 251 251 251 251 251 251 251 251 251 251 251 251 251 251 251 251 251 251 251 34 248 253 114 33 247 2 196 189 182 119 168 205 90 90 86 197 229 75 192 218 85 95 246 158 222 253 237 15 228 115 192 119 126 251 251 251 251 251 251 251 251 251 0 
0 251 251 251 251 251 251 251 235 40 251 233 252 200 142 242 248 163 222 236 120 7 108 234 123 215 153 98 104 213 44 201 248 213 212 110 245 95 178 129 174 239 214 98 201 160 239 43 251 150 148 4 201 205 55 254 171 97 251 251 251 251 251 251 251 251 251 251 251 251 251 251 251 251 251 251 251 251 251 251 251 251 251 251 185 60 191 185 161 176 204 192 156 252 167 112 205 163 10 213 213 220 182 152 71 176 96 206 158 186 44 184 187 213 235 150 250 199 251 251 251 251 251 251 251 251 251 0 
0 251 251 251 251 251 251 251 234 120 148 206 96 191 234 197 22 180 242 25 145 207 192 171 91 141 97 218 62 19 134 226 27 134 185 36 131 247 105 96 168 174 204 184 143 255 242 64 232 10 49 166 128 48 71 5 49 216 251 251 251 251 251 251 251 251 251 251 251 251 251 251 251 251 251 251 251 251 251 251 251 251 251 251 199 116 127 56 157 94 16 3 95 200 29 198 202 179 58 198 129 209 52 235 175 243 205 188 200 12 58 131 156 223 103 52 188 14 251 251 251 251 251 251 251 251 251 0 
0 251 251 251 251 251 251 251 116 128 111 95 157 87 1 150 138 206 169 192 251 235 60 39 227 119 108 162 143 182 30 185 140 228 30 158 218 220 193 156 191 172 12 11 252 94 53 104 184 227 115 251 200 188 190 172 252 149 251 251 251 251 251 251 251 251 251 251 251 251 251 251 251 251 251 251 251 251 251 251 251 251 251 251 213 25 147 101 163 242 186 168 197 101 38 152 161 255 212 237 130 224 140 170 160 148 162 160 143 222 90 214 149 198 236 149 232 108 111 251 251 251 251 251 251 251 251 0 
0 251 251 251 251 251 251 251 245 162 82 245 232 166 207 243 178 88 168 194 180 244 168 144 111 155 198 126 187 128 124 64 110 170 129 221 2 28 111 79 155 117 199 168 64 170 78 70 83 219 244 28 168 2 224 34 237 85 251 251 251 251 251 251 251 251 251 251 251 251 251 251 251 251 251 251 251 251 251 251 251 251 251 251 251 242 38 219 217 46 216 208 45 140 197 57 244 220 248 228 179 222 31 226 237 143 80 242 77 140 247 29 216 101 113 165 226 55 88 251 251 251 251 251 251 251 251 0 
0 251 251 251 251 251 251 251 189 253 252 198 186 189 248 181 239 28 184 117 213 213 216 216 222 216 26 222 222 132 26 26 216 216 216 216 216 216 222 216 26 216 216 216 222 216 132 222 26 26 216 216 216 216 222 216 219 28 251 251 251 251 251 251 251 251 251 251 251 251 251 251 251 251 251 251 251 251 251 251 251 251 251 251 251 230 85 189 126 153 198 210 86 148 84 98 239 236 132 56 243 244 199 213 216 180 4 180 187 207 239 228 51 10 236 222 232 136 156 251 251 251 251 251 251 251 251 0 
0 251 251 251 251 251 251 251 163 237 140 108 99 207 127 119 216 184 22 16 56 97 251 251 251 251 251 251 251 251 251 251 251 34 169 40 40 40 40 56 97 251 251 251 251 34 44 97 251 251 251 251 251 251 251 251 251 251 251 251 251 251 251 251 251 251 34 44 97 251 251 251 251 251 251 251 251 251 251 251 251 251 251 251 251 246 150 52 0 98 76 206 213 214 180 70 216 173 244 214 213 28 28 251 251 124 211 218 215 101 179 65 250 106 94 168 191 243 141 251 251 251 251 251 251 251 251 0 
0 251 251 251 251 251 251 251 236 244 125 187 251 228 231 58 192 83 140 123 122 188 251 251 251 251 251 251 251 251 251 251 251 185 231 147 147 147 147 122 188 251 251 251 251 185 70 188 251 251 251 251 251 251 251 251 251 251 251 251 251 251 251 251 251 34 223 127 188 251 251 251 251 251 251 251 251 251 251 251 251 251 251 251 251 139 133 198 124 241 42 183 211 187 10 194 102 12 28 28 251 251 251 251 251 229 162 122 210 2 29 54 116 154 172 109 154 217 228 251 251 251 251 251 251 251 251 0 
0 251 251 251 251 251 251 251 213 213 31 17 98 35 136 69 222 222 12 146 243 235 251 251 251 251 251 251 251 251 251 251 251 199 77 28 28 28 28 243 235 251 251 251 251 199 219 235 251 251 251 251 251 251 251 251 251 251 251 251 251 251 251 251 251 236 77 244 235 251 251 251 251 251 251 251 251 251 251 251 251 251 251 251 34 164 206 189 79 53 229 72 172 26 219 216 251 28 251 251 251 251 251 251 251 155 16 250 232 152 212 103 233 8 211 38 52 178 207 251 251 251 251 251 251 251 251 0 
0 251 34 169 40 40 40 40 40 40 44 55 255 128 133 77 97 251 241 250 151 166 251 34 169 56 32 169 40 40 56 32 169 137 137 177 177 177 177 151 236 44 97 251 251 241 44 166 251 251 251 251 251 251 251 251 251 34 169 40 40 40 56 32 238 74 230 166 144 238 38 212 251 251 251 251 251 34 44 97 251 251 251 251 185 5 78 103 95 119 62 219 251 251 251 251 251 251 251 251 251 251 251 251 251 246 230 246 219 44 159 92 199 251 169 100 16 194 248 97 251 251 251 251 251 251 251 0 
0 97 236 244 226 226 226 226 226 226 192 202 54 18 210 191 236 251 236 244 244 236 251 236 244 244 142 244 226 226 244 142 244 226 226 226 226 226 226 244 142 219 236 251 251 236 219 236 251 251 251 251 251 251 251 251 251 236 244 226 226 226 244 236 231 195 226 236 236 226 252 142 251 251 251 251 251 236 219 236 251 251 251 251 199 55 44 84 25 229 28 251 251 251 251 251 251 251 251 251 251 251 251 251 251 16 205 111 197 166 193 242 227 152 223 109 252 216 170 236 251 251 251 34 44 97 34 0 
0 138 63 148 236 97 236 97 236 214 242 161 91 173 26 61 148 184 107 107 148 241 235 63 107 148 18 107 53 214 79 220 107 18 18 18 18 18 18 148 150 201 228 229 224 34 152 94 21 216 216 138 127 230 201 236 229 83 219 172 141 124 150 139 162 146 148 128 28 87 190 152 238 252 60 184 184 94 201 109 236 170 216 138 83 148 236 122 248 197 215 141 96 221 115 179 224 229 26 232 232 236 170 120 241 190 53 165 225 248 69 203 132 211 126 210 63 156 166 19 229 148 196 88 23 254 123 0 
0 216 138 233 169 167 109 94 230 244 138 124 227 97 95 158 64 66 95 64 245 124 234 252 127 229 192 165 89 104 244 252 157 172 216 229 215 148 95 158 150 189 230 226 90 205 157 37 18 187 220 98 2 144 14 180 100 188 194 73 160 165 239 147 148 236 165 107 70 242 238 98 123 192 159 211 215 115 246 67 108 3 4 23 163 255 99 145 98 176 216 42 58 158 94 85 47 18 193 52 127 22 160 225 59 241 243 185 214 81 231 140 54 26 90 36 239 165 50 139 190 157 5 190 240 58 153 0 
0 156 146 146 210 234 230 39 245 233 107 107 125 102 22 171 174 102 92 235 46 153 250 11 53 210 25 218 212 202 205 76 49 149 44 210 53 82 92 50 138 248 94 77 114 193 114 90 119 136 244 90 255 123 181 243 166 197 162 254 158 175 252 223 218 126 196 195 242 250 252 166 164 113 105 118 22 21 93 247 120 49 199 168 134 188 66 139 82 233 70 231 172 127 78 200 231 89 227 96 76 92 4 143 87 232 146 196 181 86 237 157 62 238 152 181 4 49 203 213 191 195 126 187 98 188 116 0 
0 249 130 14 243 162 235 162 210 240 222 167 167 225 42 221 176 50 92 242 251 214 46 191 112 182 136 71 172 62 95 41 172 117 100 246 238 132 41 60 229 151 92 180 198 213 95 230 181 229 254 188 92 99 251 133 126 214 227 113 40 68 235 107 225 111 125 230 158 231 2 100 246 87 231 197 214 12 4 66 125 237 253 241 125 124 215 45 132 26 204 187 188 188 112 85 187 189 68 157 48 157 46 100 54 148 237 210 152 240 192 111 117 102 184 177 33 170 180 39 59 202 179 160 76 20 231 0 
0 81 95 43 138 171 177 176 56 171 227 184 184 207 137 44 94 132 255 240 14 242 228 235 230 84 233 143 216 235 220 66 233 172 81 83 49 179 177 153 198 200 238 194 40 247 78 158 241 186 171 145 197 9 65 187 149 227 147 121 162 233 221 250 56 173 171 249 103 188 0 183 148 199 229 149 104 161 178 70 195 184 2 246 213 148 93 152 244 226 97 164 245 142 217 207 120 129 137 62 183 74 124 1 0 124 161 17 205 148 48 133 154 88 69 153 227 9 123 183 210 50 181 235 149 53 200 0 
0 173 65 54 101 143 182 211 152 99 88 245 245 252 252 122 192 216 173 173 53 76 190 170 160 93 12 216 62 84 139 227 114 184 220 117 203 84 176 111 234 40 219 167 197 78 103 213 106 152 41 128 150 171 218 195 23 166 192 202 242 144 250 255 204 3 205 233 50 218 108 228 47 21 57 70 98 216 240 239 123 50 254 236 159 154 188 106 234 95 46 219 156 254 220 67 188 225 183 87 182 71 70 120 234 186 215 229 68 162 112 168 253 129 207 18 186 239 217 191 68 173 96 235 233 252 219 0 
0 9 212 175 222 238 50 173 26 31 245 245 245 30 14 102 120 162 25 172 55 101 180 230 246 249 107 51 174 242 116 192 237 193 155 211 106 65 103 36 11 184 107 69 42 112 6 164 215 216 195 68 223 232 183 243 42 106 88 74 218 90 222 10 217 233 97 128 38 77 105 82 245 70 63 203 155 242 118 114 82 244 94 116 162 200 106 71 103 82 206 215 59 189 71 91 234 50 128 100 228 103 253 247 134 192 220 168 68 14 226 6 134 220 163 237 237 197 113 23 5 35 74 198 184 251 62 0 
0 26 16 142 112 250 118 220 152 184 247 247 247 110 187 86 75 95 95 205 251 7 230 233 58 123 49 205 140 214 246 175 134 194 162 88 40 48 220 15 201 228 218 229 2 15 81 183 231 172 242 136 99 131 41 122 53 101 226 102 129 15 170 40 194 253 146 151 236 98 143 208 139 253 186 85 220 160 231 36 94 179 218 236 142 241 106 46 107 62 94 34 233 139 81 190 48 172 44 39 46 57 223 227 164 144 210 4 36 208 78 212 242 230 206 196 135 102 235 224 124 124 147 104 216 157 90 0 
0 139 169 19 208 92 145 214 108 13 213 56 227 183 142 101 170 184 184 228 146 15 170 59 200 127 208 219 83 238 66 159 33 180 220 226 162 241 250 143 166 255 214 51 248 64 245 159 106 28 237 136 213 2 56 252 98 82 175 129 240 96 243 232 242 247 183 115 236 51 173 200 215 208 181 105 200 221 111 231 160 154 17 190 157 232 152 133 115 175 156 26 2 216 96 18 173 166 180 125 190 191 247 191 186 188 128 117 125 175 42 96 222 83 240 226 219 112 172 252 74 163 165 142 232 172 145 0 
0 129 252 117 132 222 249 140 233 78 202 250 114 234 46 127 122 199 200 253 142 124 65 95 241 110 127 184 231 158 99 197 216 125 218 207 196 251 108 228 223 163 109 245 210 64 216 82 234 246 43 124 147 6 214 157 117 174 16 185 172 49 178 64 123 115 72 32 19 138 128 92 145 220 202 177 176 192 176 154 221 9 80 49 93 125 192 199 242 208 183 120 14 248 116 65 159 134 238 69 200 198 130 134 75 190 60 155 252 222 231 34 220 114 168 75 92 231 132 246 62 185 233 122 168 252 158 0 
0 169 154 64 99 215 158 253 168 177 98 194 170 151 72 125 104 136 196 18 161 106 240 42 196 1 230 202 104 85 163 201 244 36 82 86 211 234 23 159 245 40 115 148 65 172 70 120 246 176 231 79 181 158 7 89 82 254 216 37 252 69 248 254 151 190 252 238 114 193 66 103 127 236 116 221 134 229 217 237 235 128 141 203 207 174 131 103 224 59 208 101 159 243 12 14 226 214 238 202 176 170 202 198 241 211 180 122 96 151 124 140 109 174 191 240 150 226 178 166 108 245 44 18 5 115 107 0 
0 169 122 194 145 38 176 194 56 180 94 74 102 208 218 100 113 134 41 54 202 157 218 218 178 211 160 100 186 90 143 79 237 227 47 186 217 207 187 238 240 165 229 240 46 138 185 120 192 199 34 132 56 112 95 156 159 198 174 238 241 131 161 56 182 128 219 219 254 198 245 206 216 88 245 211 172 31 176 71 250 105 235 240 154 237 148 187 150 60 244 61 181 213 254 18 134 254 11 230 248 218 8 58 172 146 177 201 210 177 142 207 248 149 178 96 209 43 138 8 212 55 221 0 153 120 144 0 
0 234 101 98 138 99 254 52 207 184 55 42 42 168 236 61 88 221 171 209 245 238 17 220 152 200 167 226 189 248 132 150 228 222 175 204 51 214 68 191 73 190 184 176 210 92 113 215 224 25 192 97 247 185 117 40 179 21 141 246 172 188 188 128 64 237 191 95 224 207 224 217 135 194 63 94 167 180 174 128 31 158 116 83 108 72 233 248 82 250 243 224 144 128 145 154 153 114 143 212 10 95 244 107 157 228 201 217 218 138 80 215 55 220 68 46 139 224 249 51 122 22 81 216 211 160 113 0 
0 124 136 234 115 212 206 251 142 121 233 179 188 40 164 123 89 229 138 223 91 177 154 239 225 13 154 216 217 212 243 6 237 240 63 193 61 217 168 170 47 26 32 186 253 77 78 195 175 175 8 124 255 150 148 243 222 241 243 140 171 61 155 90 185 142 78 68 178 167 112 196 133 68 207 208 201 80 174 102 108 171 61 81 69 206 250 86 147 98 50 202 217 14 162 246 79 154 18 235 240 176 223 255 179 241 237 220 211 103 220 28 225 230 222 27 217 240 252 181 75 80 232 25 118 156 224 0 
0 237 181 177 213 121 40 203 245 184 195 246 22 172 28 104 225 32 200 216 165 66 112 244 20 171 152 104 38 29 68 158 117 134 88 33 252 177 142 251 226 113 247 249 204 135 93 192 142 128 194 233 202 38 105 227 182 132 245 137 212 172 27 238 102 245 58 64 254 73 233 123 96 66 250 39 104 99 226 193 22 171 211 90 150 240 238 141 116 187 126 228 95 7 58 132 202 28 115 170 30 147 233 227 124 20 70 161 97 207 133 199 40 69 7 89 94 249 174 108 184 194 183 149 169 155 100 0 
0 56 214 248 194 212 121 50 38 123 109 118 97 95 249 26 156 93 228 78 184 146 6 197 131 211 219 247 175 204 214 162 249 217 196 68 198 81 247 220 100 1 110 168 62 128 197 129 16 172 175 251 180 134 132 186 165 241 110 180 175 207 240 168 212 237 146 15 12 222 216 133 3 148 17 160 249 103 73 23 110 148 117 208 203 103 145 154 52 74 138 83 218 159 202 56 107 166 234 113 4 254 30 190 166 127 37 162 38 226 0 158 84 227 186 174 164 59 133 238 74 144 112 108 171 10 78 0 
0 228 228 252 127 180 61 215 78 56 235 169 20 23 125 152 117 240 22 174 61 215 4 246 250 217 186 151 172 170 224 163 238 228 95 114 186 109 201 245 178 15 106 168 139 40 116 232 215 185 56 149 134 218 58 129 26 2 246 71 238 203 213 216 18 108 152 133 147 214 221 41 160 175 241 186 134 158 64 84 217 120 247 110 204 170 113 243 236 116 252 234 39 208 31 72 58 222 14 180 242 196 250 193 243 47 27 177 72 124 228 159 55 6 131 202 124 244 200 190 48 244 240 230 181 118 150 0 
0 122 53 168 156 16 220 131 66 250 86 35 105 196 162 77 60 250 248 80 106 200 25 135 179 214 192 213 116 206 8 132 169 230 204 60 155 213 232 116 133 217 164 190 170 240 174 56 130 109 131 140 231 107 250 225 52 240 239 64 45 200 140 198 216 38 186 119 34 162 246 249 247 189 44 141 180 14 29 139 175 11 156 224 206 140 19 179 192 248 228 216 188 223 152 164 65 186 189 228 209 66 226 81 129 199 64 182 74 118 93 11 238 230 241 249 173 179 247 6 108 151 232 201 181 20 221 0 
0 64 84 190 132 164 175 238 50 59 86 231 236 10 47 169 187 213 60 22 197 222 48 248 253 131 171 39 136 37 199 54 104 72 126 188 165 211 134 7 210 248 178 187 161 28 224 214 56 117 236 160 216 198 195 200 79 65 89 85 79 57 70 188 232 183 229 174 74 238 227 255 229 10 254 187 204 176 121 96 249 22 171 126 228 182 236 114 195 164 78 225 209 150 50 158 97 46 196 221 251 175 198 84 233 117 217 142 106 216 98 150 152 156 252 140 152 3 104 164 22 112 114 74 226 191 98 0 
0 225 66 93 221 238 84 166 206 250 210 159 153 178 143 98 238 70 223 92 6 78 101 122 58 0 108 168 51 98 195 108 39 169 239 52 63 207 230 189 236 255 247 0 236 37 40 198 42 161 119 174 194 166 63 84 98 60 26 250 237 172 139 143 108 229 180 100 86 87 240 152 66 212 103 179 8 22 193 67 40 111 116 41 209 151 142 146 212 243 103 229 151 223 96 230 50 139 56 213 36 247 198 237 198 144 253 96 87 187 145 219 103 240 228 48 237 23 213 248 42 82 148 234 23 119 207 0 
0 18 78 163 168 130 245 248 131 66 209 50 160 73 211 240 176 239 153 40 52 200 16 255 170 55 136 82 173 201 64 245 249 157 219 185 233 114 186 225 119 24 254 218 250 25 166 122 79 112 169 164 208 174 94 185 171 241 192 82 240 135 75 225 91 119 242 222 35 232 118 237 159 230 153 161 158 222 198 199 30 196 72 208 82 246 168 234 121 160 86 9 188 48 151 174 168 219 128 87 26 201 188 50 48 237 132 142 73 62 234 193 144 216 119 169 18 12 240 22 192 189 73 240 176 176 186 0 
0 155 8 54 175 140 148 6 64 145 140 147 64 240 112 112 66 165 127 55 58 92 170 232 115 174 90 119 205 141 202 191 143 188 131 124 177 23 249 229 221 194 135 154 210 108 243 26 192 202 8 220 180 128 190 66 112 245 98 195 253 245 92 149 159 133 205 52 200 184 206 206 147 225 104 185 176 253 110 132 100 52 229 180 117 207 88 118 200 121 92 237 211 6 64 221 200 123 104 249 155 150 166 225 115 41 92 54 251 203 210 132 140 128 176 129 163 44 165 249 138 235 180 243 253 226 199 0 
0 64 186 103 229 229 156 180 40 228 52 234 122 117 37 14 68 175 64 202 29 182 123 210 147 139 108 226 100 178 186 42 151 111 14 208 65 184 175 185 236 164 225 132 228 115 248 22 234 222 235 217 116 51 210 231 244 217 203 24 145 209 129 60 78 102 193 194 214 85 216 154 175 163 82 143 194 74 219 73 143 228 207 197 61 169 242 16 73 51 220 223 31 166 178 205 32 70 146 238 252 152 212 35 251 215 236 171 251 141 138 191 60 47 10 51 59 185 193 102 150 107 213 213 82 242 78 0 
0 202 92 139 179 60 232 50 99 198 236 48 150 239 18 201 247 202 224 165 144 130 190 62 109 206 110 156 182 38 254 139 184 186 164 183 52 245 156 238 29 144 105 100 15 122 92 20 190 124 149 219 148 251 168 237 165 171 128 219 210 203 74 136 232 167 48 35 59 89 230 219 215 31 229 249 179 253 244 139 220 206 197 254 94 217 162 8 117 253 160 236 173 156 150 88 117 159 224 12 222 114 202 181 112 125 238 210 170 187 104 221 184 236 173 75 145 100 58 238 130 176 56 97 135 230 204 0 
0 161 197 132 166 244 217 32 84 44 42 131 178 237 226 226 246 125 243 175 235 254 241 116 227 243 126 150 202 68 198 148 243 136 197 168 71 140 179 144 158 141 50 218 246 213 156 61 109 159 132 28 148 173 169 112 72 44 252 44 109 1 136 238 220 165 253 189 129 141 193 65 171 74 93 42 86 251 176 127 170 195 230 226 189 209 150 124 183 16 142 88 72 143 246 187 72 176 131 94 243 58 193 150 227 222 124 207 125 164 162 188 88 241 150 162 119 10 241 34 48 67 3 188 135 196 230 0 
0 182 237 57 249 231 89 200 230 204 189 212 98 10 65 52 170 186 232 184 208 113 84 88 206 3 58 160 112 20 8 91 230 189 216 204 190 252 123 191 140 43 181 151 22 173 215 137 203 77 206 105 246 166 167 142 64 192 164 70 104 254 101 47 76 160 169 225 230 57 82 238 217 254 230 241 108 112 203 223 245 193 36 241 226 204 131 226 22 184 117 156 174 254 192 202 168 24 158 180 182 243 216 217 177 57 146 216 192 131 206 55 230 111 1 115 171 220 223 174 58 196 234 239 135 254 230 0 
0 255 112 90 133 234 133 37 146 51 45 176 127 188 218 181 245 135 227 113 203 20 57 205 209 116 40 100 177 220 204 243 230 14 205 156 169 38 248 28 185 209 36 154 60 78 248 32 110 104 70 128 220 252 215 129 159 225 250 148 42 164 172 111 30 20 65 45 168 51 70 114 134 111 23 231 30 163 182 233 206 213 98 179 210 42 184 2 115 202 235 223 252 187 241 128 151 5 215 66 221 175 91 205 161 114 163 59 232 32 61 93 108 65 210 62 185 169 155 14 84 145 242 125 180 33 27 0 
0 208 191 149 112 165 26 92 84 243 251 22 197 79 190 67 170 66 223 45 253 118 222 237 82 77 186 65 16 110 96 90 140 165 221 237 63 69 183 208 207 94 189 67 220 217 195 46 218 154 10 180 225 158 86 82 14 234 89 135 153 251 253 190 82 203 243 188 167 38 26 85 177 225 223 175 69 223 51 234 77 199 119 150 194 220 132 205 255 255 37 56 130 3 179 29 193 150 255 172 185 186 176 158 20 180 85 186 152 214 17 125 251 215 229 106 168 66 2 22 4 172 197 134 122 150 175 0 
0 40 0 200 224 180 172 150 98 156 133 51 30 146 251 139 113 22 42 184 248 51 166 88 172 239 148 247 93 181 133 95 233 188 113 182 121 118 137 233 156 226 233 7 109 250 212 88 243 155 215 160 216 199 98 174 215 134 213 57 172 37 68 147 87 97 132 194 153 153 148 172 68 187 106 221 193 3 184 164 251 182 40 109 60 154 248 133 123 55 178 187 51 62 120 67 153 111 81 164 114 249 189 96 206 223 71 228 162 34 1 207 230 201 230 227 86 36 182 66 252 118 32 195 122 222 103 0 
0 73 207 58 221 124 147 183 146 252 59 66 80 244 144 136 194 150 113 113 111 216 247 175 212 217 94 114 106 213 161 50 238 34 46 157 200 56 199 114 254 172 210 52 63 142 163 165 143 254 156 72 73 139 206 132 179 79 169 232 189 179 82 240 184 19 242 203 164 51 252 121 209 226 238 162 230 163 244 216 0 56 187 35 148 253 74 155 209 129 211 53 249 221 239 71 128 170 94 217 172 31 82 96 177 231 148 236 186 74 13 140 159 223 81 195 164 230 118 94 214 114 1 224 11 205 232 0 
0 204 207 94 174 215 216 4 134 194 139 157 120 255 203 197 200 189 176 230 77 213 130 223 4 42 157 156 223 217 203 158 136 181 88 122 242 242 92 87 222 61 25 129 221 166 39 20 174 136 206 16 106 173 4 93 50 17 96 72 212 164 127 180 254 150 246 235 60 149 96 118 234 203 68 177 230 36 194 106 230 249 148 98 206 14 26 54 40 243 150 43 242 248 144 164 62 23 6 230 98 110 250 157 65 37 131 126 52 5 182 74 157 249 182 187 79 133 50 70 100 87 160 211 228 188 190 0 
0 204 148 89 50 78 182 249 118 27 45 133 170 49 42 242 158 149 186 214 76 166 131 243 188 163 247 56 214 198 241 46 232 139 7 189 16 110 216 104 234 248 179 192 231 121 82 82 82 82 200 74 136 175 153 192 138 254 137 55 213 125 242 206 203 202 211 125 194 202 42 27 115 172 148 105 107 132 164 88 82 195 217 130 242 128 228 166 0 231 144 4 188 251 220 3 74 213 228 81 163 174 117 58 56 50 114 185 242 74 123 254 66 98 149 251 140 108 105 166 184 26 234 107 245 194 157 0 
0 220 153 198 60 237 176 45 37 185 208 71 155 135 186 14 163 155 192 130 141 40 250 196 227 191 6 230 243 165 208 42 173 152 246 86 17 138 42 228 172 168 43 101 210 192 192 192 192 192 209 229 38 98 174 143 23 177 122 175 155 0 175 204 224 38 192 178 130 93 12 144 207 36 59 54 219 230 250 63 40 106 165 42 185 153 28 255 250 104 69 241 234 223 198 247 59 102 23 204 211 61 85 230 98 240 158 254 218 191 155 244 115 178 93 166 255 214 90 243 223 104 46 180 204 199 132 0 
0 42 104 164 164 78 102 45 192 226 159 227 242 72 185 39 39 39 39 250 250 185 62 223 38 70 221 205 188 181 207 86 166 211 184 216 20 132 182 138 139 211 224 249 254 39 39 39 39 39 55 73 9 248 207 35 139 98 247 254 34 230 254 192 108 242 123 41 70 255 33 251 104 248 171 191 137 135 197 159 137 129 58 56 128 122 247 226 30 6 240 6 233 154 227 63 158 18 30 164 61 39 254 202 240 60 218 162 31 103 185 165 152 179 147 228 48 205 22 212 64 157 107 148 194 246 242 0 
0 212 104 243 211 186 203 85 56 156 187 191 160 39 39 39 39 39 39 39 39 239 50 216 141 116 194 86 242 230 210 129 237 158 241 184 217 129 193 188 209 188 188 83 141 250 39 39 39 39 129 98 250 213 88 63 142 246 169 120 216 150 156 251 96 217 189 239 36 194 143 252 163 239 120 127 214 57 27 14 73 186 148 64 159 70 80 20 183 174 182 47 242 229 91 243 232 212 54 3 87 153 247 85 181 92 191 138 216 198 243 195 237 206 249 119 48 210 127 86 196 238 205 245 71 110 114 0 
0 223 81 235 237 54 213 142 158 3 49 140 235 39 39 39 39 39 239 8 96 106 171 234 231 143 13 224 104 41 108 212 182 151 51 166 147 206 150 187 159 200 104 132 36 223 97 84 250 252 232 253 118 239 90 206 252 5 176 247 122 6 77 146 161 36 199 44 77 160 194 247 76 29 191 20 113 148 228 237 138 180 134 123 133 185 117 254 149 153 158 180 56 120 244 186 51 118 139 62 83 154 193 137 104 169 212 180 242 214 251 134 148 10 195 213 182 128 65 154 233 106 171 117 186 186 123 0 
0 248 6 61 248 117 223 207 101 178 50 126 134 3 251 39 39 39 139 249 70 206 122 196 154 131 110 87 39 2 114 154 12 166 240 68 124 40 212 198 243 165 137 67 56 201 109 238 232 221 80 92 219 171 47 158 138 243 102 110 23 214 145 96 185 190 135 134 183 16 64 142 102 21 231 211 177 215 199 250 57 190 235 118 144 180 195 92 154 184 159 103 56 182 189 56 128 34 50 94 16 92 137 81 241 146 170 208 239 240 109 223 250 171 50 203 51 135 32 160 64 215 213 118 85 36 147 0 
0 82 115 31 145 164 128 123 213 20 148 106 167 130 213 150 84 96 76 222 154 236 163 59 118 199 123 212 42 9 249 157 86 192 192 236 132 213 212 76 244 167 64 13 216 114 128 171 134 227 10 74 125 18 241 206 236 124 117 59 121 7 250 228 160 18 194 220 44 188 228 128 119 196 165 208 121 163 50 18 231 200 206 77 39 135 103 207 94 132 130 179 207 55 217 179 198 102 138 247 59 237 200 15 183 87 61 31 234 196 153 63 241 98 191 37 188 47 8 2 118 89 241 80 159 239 1 0 
0 255 97 39 170 100 166 41 216 108 199 127 223 227 168 238 42 117 252 140 90 76 148 77 13 71 198 142 222 213 51 3 65 147 211 117 157 147 132 60 196 165 141 133 194 104 19 39 191 237 151 85 247 82 253 225 208 46 76 133 20 41 220 39 159 251 206 154 188 98 246 164 231 118 177 190 138 144 49 126 217 165 46 59 201 127 188 108 183 105 16 239 237 204 54 167 215 37 65 54 76 254 211 56 80 112 17 242 33 204 136 101 244 246 239 173 195 82 227 107 183 206 78 166 137 120 205 0 
0 234 36 148 112 160 74 189 255 115 161 76 36 81 204 123 169 255 152 157 225 212 79 136 53 182 189 126 242 220 227 253 112 202 46 171 142 166 115 222 52 81 125 99 251 110 134 230 100 141 190 205 31 217 30 146 99 157 159 145 170 227 10 116 195 187 235 238 175 217 134 195 151 102 169 162 36 19 106 112 254 110 158 77 132 72 150 45 19 213 249 205 106 77 253 215 248 83 150 211 185 191 81 82 136 226 212 20 70 249 165 122 178 73 42 86 66 93 160 100 110 44 172 243 219 105 200 0 
0 133 73 223 61 200 56 202 88 59 217 217 217 217 167 110 152 162 104 191 223 57 96 124 4 51 199 183 192 37 134 152 137 207 116 115 100 4 151 50 195 102 18 40 211 13 155 245 250 210 37 154 244 52 21 253 232 155 166 63 228 235 68 6 9 29 76 120 255 193 82 114 127 240 186 78 154 247 71 100 230 249 96 180 107 57 223 136 41 239 117 187 118 87 227 244 200 137 78 166 220 193 159 192 252 158 94 158 196 123 204 105 190 113 7 224 125 160 105 226 217 196 80 237 72 82 181 0 
0 199 63 250 244 141 230 121 63 234 34 34 34 34 34 216 170 184 198 198 31 229 166 136 129 141 64 169 58 46 126 26 70 202 251 132 129 214 248 172 230 214 214 196 4 173 18 102 67 41 151 68 182 117 217 203 114 163 153 239 142 190 100 251 181 215 242 7 67 184 126 103 196 201 11 176 93 100 12 96 70 128 98 125 217 193 237 232 244 96 180 108 146 168 234 219 234 242 50 40 139 108 118 8 202 70 94 172 224 208 224 194 190 18 220 131 9 78 198 152 203 116 166 94 170 246 162 0 
0 230 234 45 43 180 218 214 0 187 34 34 34 34 34 34 103 75 56 48 199 126 211 89 238 200 218 226 181 236 2 245 163 222 157 74 165 16 236 71 143 103 199 79 53 185 120 174 196 184 110 220 94 192 245 224 70 100 232 222 250 223 252 165 248 40 203 81 207 90 98 59 165 93 197 35 124 185 64 200 32 158 253 135 146 128 236 78 183 206 253 159 72 53 148 151 171 180 242 170 199 59 167 163 246 200 231 246 213 86 73 243 178 151 69 50 199 101 239 198 5 190 232 29 178 23 135 0 
0 190 4 225 241 79 230 78 226 175 34 34 34 34 34 216 206 48 78 200 94 222 185 70 127 107 167 196 172 141 89 93 184 83 132 19 114 213 125 156 72 73 111 240 180 56 226 195 142 223 240 145 22 223 243 137 92 212 53 136 197 118 131 129 156 156 197 176 150 170 158 197 62 114 148 199 171 10 140 240 150 60 79 230 217 80 207 127 131 59 210 227 136 78 219 32 176 202 133 89 242 130 84 82 170 218 45 163 33 130 147 66 33 178 100 224 26 100 100 232 47 138 111 253 189 55 191 0 
0 185 108 157 92 182 16 213 6 70 34 34 34 34 34 203 8 73 80 99 239 142 122 94 199 218 156 248 70 223 59 209 56 175 34 81 239 108 117 127 177 98 188 112 113 56 171 1 24 236 255 189 202 196 237 27 103 47 76 30 249 166 109 49 34 172 156 34 108 0 232 185 138 182 120 120 63 237 246 178 174 90 142 148 115 196 253 81 14 207 32 117 124 248 100 55 193 99 141 238 190 229 151 99 152 248 172 152 83 223 214 167 185 227 45 82 213 98 203 105 171 226 205 239 180 158 204 0 
0 189 108 114 180 166 190 254 48 140 98 245 34 34 34 126 58 147 106 106 136 116 254 139 213 186 213 252 6 35 242 74 203 185 204 203 94 163 181 224 90 28 252 225 152 183 4 248 109 155 180 230 24 126 169 250 166 174 52 134 243 106 196 165 34 255 158 47 88 102 170 196 42 246 189 237 98 145 182 74 215 179 175 200 139 244 181 165 41 196 129 20 238 126 61 251 210 117 100 255 239 66 242 100 197 244 164 106 34 225 50 111 237 130 236 204 36 112 91 62 122 255 130 14 135 110 181 0 
0 254 19 204 1 203 226 216 238 234 14 196 245 34 34 22 144 66 244 238 199 210 197 242 221 148 139 16 146 32 214 14 118 184 237 210 214 180 199 29 172 64 253 208 143 211 182 31 99 138 159 56 78 239 166 161 189 246 159 77 35 186 80 166 216 153 94 213 64 190 29 162 242 225 240 245 208 152 217 164 29 184 211 172 223 225 230 192 236 67 142 82 226 122 156 198 75 130 211 190 7 60 213 224 212 105 6 59 22 94 182 133 133 17 158 204 227 254 203 46 224 216 245 228 135 155 240 0 
0 36 36 156 59 230 96 72 208 253 199 30 202 118 192 131 14 155 250 156 188 254 228 173 132 186 185 38 246 195 165 143 172 204 208 144 86 222 14 12 2 155 102 192 203 26 26 239 22 138 156 127 78 224 59 239 121 134 2 231 243 193 128 235 227 230 96 139 47 172 84 157 87 34 224 243 14 181 92 65 5 195 210 226 115 229 214 205 162 95 211 243 234 245 134 188 94 40 94 244 215 139 139 169 49 69 158 243 179 81 251 88 204 251 235 214 183 183 183 180 39 254 70 199 131 50 77 0 
0 196 9 135 239 174 155 156 212 188 191 239 79 51 86 172 162 15 185 234 17 94 243 206 208 239 186 34 224 21 171 250 91 199 172 227 178 105 223 154 24 51 106 238 176 155 172 245 104 117 55 154 127 3 209 119 24 85 97 96 20 24 136 243 145 133 69 215 242 205 207 35 207 200 144 138 112 26 226 100 178 126 9 71 161 240 160 25 193 171 218 167 179 100 221 42 151 228 27 18 186 196 139 252 216 106 51 207 97 206 151 199 195 255 232 214 183 183 254 226 218 169 114 47 176 75 40 0 
0 249 249 111 0 221 86 120 251 85 248 54 228 223 58 157 224 216 220 68 160 60 134 116 171 73 199 185 24 106 127 232 250 170 200 97 211 88 57 133 173 199 148 43 173 74 4 216 146 207 247 190 120 210 72 217 200 39 87 161 185 151 198 180 240 66 193 220 240 227 210 104 213 124 110 95 190 138 160 222 84 243 143 87 96 239 215 46 228 71 218 144 217 254 170 176 196 135 208 184 9 234 37 228 216 109 232 196 218 189 124 223 223 205 78 215 204 8 154 201 152 253 120 215 236 205 228 0 
0 160 70 46 227 206 227 132 198 123 31 31 31 107 215 216 248 78 28 220 212 30 114 223 148 175 181 136 0 157 241 208 240 250 242 93 108 252 125 154 132 180 247 89 209 222 224 200 214 60 207 32 9 220 199 152 223 72 63 158 24 56 221 136 39 233 39 196 26 177 184 66 30 125 215 96 253 204 10 38 96 242 10 80 164 78 61 218 63 32 182 215 144 106 128 140 114 179 59 112 169 224 228 135 98 136 106 95 77 171 77 73 219 9 165 244 182 234 181 200 251 116 105 171 157 50 190 0 
0 210 251 109 178 217 45 84 200 215 100 155 174 217 86 243 193 250 80 197 42 247 247 238 59 110 183 213 74 139 185 175 74 127 123 184 89 108 114 217 116 162 108 212 50 10 70 170 134 204 152 86 134 189 44 36 165 104 162 169 113 194 211 242 163 44 36 171 155 16 218 216 243 218 102 166 118 52 191 161 211 183 37 77 148 202 99 232 220 197 95 29 139 113 208 92 108 231 244 226 40 178 196 98 161 187 64 113 147 74 112 135 112 27 107 11 139 248 194 209 194 234 211 184 251 194 243 0 
0 8 80 8 232 20 29 192 16 131 226 241 227 169 116 229 98 228 59 59 217 160 151 248 226 97 56 252 123 222 134 230 194 253 0 144 211 36 251 253 193 50 218 55 223 72 200 65 69 57 140 201 153 156 7 250 116 148 155 16 88 103 155 228 246 217 49 230 255 47 135 208 220 96 226 196 179 209 205 202 247 226 50 54 239 229 252 169 199 12 104 134 73 19 125 202 207 51 188 6 185 231 104 203 120 92 85 167 231 222 216 216 216 208 136 108 159 6 82 26 164 93 228 193 0 164 208 0 
0 103 19 178 165 225 240 240 67 39 180 159 190 201 237 77 187 122 135 206 54 227 84 201 115 94 110 30 36 78 201 78 121 214 153 162 4 86 86 52 154 242 181 250 186 130 81 144 196 226 223 248 195 54 157 213 92 63 77 251 89 56 208 76 150 251 24 169 153 130 182 248 98 196 170 72 154 89 55 120 82 243 98 237 185 17 128 146 36 51 12 239 97 182 82 150 152 200 218 149 206 204 154 238 251 76 183 248 238 160 216 216 216 59 69 136 188 243 26 115 173 145 214 8 78 224 242 0 
0 208 64 240 195 152 230 218 253 222 174 68 198 237 223 102 157 92 129 223 98 0 79 240 244 218 28 246 184 242 102 230 78 139 198 85 209 42 171 243 246 228 244 160 163 8 22 211 227 222 212 67 43 161 77 46 40 111 156 83 76 236 202 193 167 239 153 194 190 47 34 212 188 155 93 216 187 216 195 119 220 44 110 144 57 23 57 126 220 246 218 101 58 151 246 171 150 87 166 242 90 86 130 218 176 176 150 248 91 194 91 91 91 152 204 27 116 185 202 96 14 190 46 193 195 76 20 0 
0 136 71 213 57 212 182 89 48 201 143 121 75 31 31 200 127 54 217 182 63 245 156 208 106 106 163 100 22 34 226 239 22 149 194 93 230 97 158 112 181 171 137 170 171 239 135 255 201 215 149 163 156 155 138 205 157 68 76 162 147 252 136 26 222 216 167 36 110 40 108 64 130 177 163 44 106 180 188 61 220 102 149 143 192 21 191 86 46 30 42 187 246 241 131 116 18 255 252 93 200 175 82 110 180 171 180 200 109 167 167 167 167 46 67 71 90 127 130 98 103 141 202 78 120 140 148 0 
0 101 229 51 64 185 66 177 121 201 184 121 234 31 65 229 161 119 215 139 106 171 187 192 196 101 201 20 105 247 92 210 229 232 230 189 252 252 79 115 107 135 154 111 226 235 38 78 165 36 94 253 216 154 144 53 189 62 188 16 78 4 38 18 157 208 102 108 4 62 176 171 164 123 127 251 164 159 101 40 184 73 142 44 106 246 156 24 47 233 56 157 28 250 188 45 68 94 246 60 112 193 188 183 158 148 124 250 66 213 213 213 126 125 221 246 106 104 228 238 122 160 198 173 59 196 250 0 
0 172 124 151 28 116 152 239 146 252 184 121 234 31 219 160 180 72 133 181 193 206 179 80 223 200 103 51 102 67 170 145 64 34 116 230 231 199 105 118 143 139 255 91 212 245 76 251 245 136 118 7 251 244 138 159 73 107 205 185 97 97 165 149 188 19 230 215 171 110 127 228 253 220 38 255 69 64 178 255 150 87 255 226 110 252 119 179 198 148 101 250 134 184 76 165 171 80 166 211 168 78 132 241 158 125 216 137 122 70 57 226 108 215 215 235 232 7 236 27 183 19 188 243 136 82 105 0 
0 172 131 62 247 106 42 145 201 190 184 121 234 31 116 196 186 218 181 96 184 140 225 230 213 26 50 242 51 58 193 178 120 235 178 72 239 228 207 119 134 172 101 169 216 121 134 240 136 92 85 46 138 122 96 14 86 223 173 160 102 160 177 14 56 180 180 132 241 241 110 79 37 165 41 91 237 128 166 245 90 22 76 254 13 242 149 137 204 229 199 60 31 214 180 123 36 142 123 169 254 184 244 216 107 249 163 250 239 164 150 220 207 226 40 23 203 206 163 15 204 253 50 212 62 52 132 0 
0 88 209 211 117 67 201 198 157 173 184 121 234 31 237 237 208 195 95 83 72 9 244 87 231 3 165 149 7 239 124 112 54 31 185 244 172 167 114 197 24 165 208 25 198 30 138 28 206 90 201 240 247 220 176 79 133 229 148 192 236 44 209 205 155 125 155 128 139 175 216 213 191 229 74 81 206 188 204 135 73 54 93 118 52 12 178 124 236 5 176 50 147 175 248 178 232 234 187 137 146 44 79 241 125 81 152 108 228 208 180 70 226 2 124 200 210 133 223 162 228 225 220 182 52 115 176 0 
0 8 175 154 3 169 68 105 214 158 184 121 234 31 31 31 219 170 228 3 73 230 85 197 124 196 73 85 132 248 38 120 199 143 185 252 144 194 229 141 245 104 238 207 249 169 20 139 190 62 169 34 198 246 199 246 93 161 255 80 178 121 102 114 112 134 106 32 116 248 221 92 171 221 113 149 20 116 7 210 115 160 185 81 210 195 220 156 94 96 221 56 80 82 115 214 156 104 108 142 132 166 171 16 216 144 79 11 141 235 254 178 176 200 136 253 167 124 64 183 204 144 115 255 205 237 89 0 
0 40 56 83 88 94 115 123 182 232 242 121 234 31 31 31 200 120 242 82 143 74 200 120 100 77 254 244 103 46 128 148 252 102 64 171 144 246 240 139 162 22 237 142 231 159 222 251 233 168 152 25 189 233 156 214 85 145 186 121 115 228 150 107 155 158 220 224 238 175 238 129 216 207 2 200 15 139 120 8 198 222 214 180 214 109 130 212 198 165 65 137 149 40 230 70 178 22 5 230 174 80 246 46 101 193 233 58 128 1 60 157 209 247 198 189 184 200 194 164 209 176 214 202 250 220 235 0 
0 198 36 145 254 140 138 53 232 109 10 121 234 31 31 31 116 248 101 252 244 225 206 2 223 208 139 77 250 56 225 115 140 237 61 72 183 232 227 32 158 219 120 64 236 159 159 200 58 242 137 140 0 32 99 186 243 54 239 211 174 179 211 104 145 47 126 177 60 212 110 200 255 23 191 42 191 68 126 216 168 233 1 234 238 103 159 80 134 102 238 90 230 230 216 84 68 239 232 241 106 235 203 16 251 167 197 125 8 243 180 86 159 32 198 48 239 144 111 30 180 167 77 109 71 244 216 0 
0 46 230 126 188 138 205 226 150 213 183 239 60 161 113 174 237 31 99 32 250 41 125 141 0 68 218 248 128 99 217 132 240 251 226 81 184 146 199 1 10 199 8 74 110 249 159 159 204 59 119 229 52 122 238 137 157 13 192 170 175 24 29 86 186 11 211 210 245 106 204 189 24 200 142 184 208 5 150 210 237 170 75 50 72 31 196 56 6 181 205 222 105 175 164 217 174 248 164 206 254 133 96 243 232 235 70 70 144 186 110 147 94 132 40 89 80 80 181 36 243 119 191 164 207 252 182 0 
0 230 85 90 225 235 254 182 224 230 167 228 41 206 9 205 155 172 252 232 116 244 110 120 156 107 35 182 140 44 127 70 144 252 229 3 43 115 251 193 204 208 242 193 115 91 159 159 79 249 191 140 138 251 245 187 253 118 247 243 178 245 186 144 197 239 69 239 62 195 66 104 115 35 253 142 34 176 97 87 153 117 82 70 184 238 131 251 67 44 136 195 234 118 101 204 201 36 185 20 190 252 211 46 242 68 230 154 6 72 39 240 244 29 244 244 50 108 162 161 182 242 222 169 69 120 203 0 
0 69 202 208 212 145 116 161 76 42 222 222 16 219 235 151 100 157 186 91 254 89 229 206 255 82 113 128 201 166 235 50 213 72 175 71 251 176 248 119 106 41 168 199 250 169 159 159 222 159 143 39 187 146 37 116 80 184 145 250 157 44 49 120 32 21 179 156 129 48 108 84 73 215 21 209 158 4 178 104 57 100 179 244 119 104 15 114 187 240 236 203 162 91 99 109 221 69 206 188 85 148 1 208 216 199 93 154 144 124 197 192 88 176 50 208 86 216 73 194 224 96 168 168 195 191 113 0 
0 84 149 252 94 114 155 199 158 37 159 159 159 96 200 230 219 213 69 52 71 161 172 184 206 139 159 18 248 224 85 210 200 250 34 184 77 117 245 148 137 255 184 94 191 250 159 159 159 159 102 28 214 208 219 108 20 252 40 207 1 18 237 251 180 101 76 203 163 215 244 137 172 250 58 6 131 186 86 148 119 192 77 178 175 15 250 177 192 70 222 87 213 72 168 215 209 233 159 140 142 170 45 114 255 192 143 80 147 217 42 28 89 128 216 214 229 6 92 244 59 62 90 141 110 162 247 0 
0 240 228 164 187 165 107 133 229 12 159 159 159 159 159 182 97 86 184 133 243 214 199 173 129 148 144 135 114 15 156 128 216 130 232 234 238 161 5 76 60 101 177 151 194 190 159 159 159 159 126 195 232 91 169 171 26 94 20 162 221 54 164 180 217 36 233 181 84 251 129 213 60 204 250 114 106 109 220 243 221 120 248 168 210 52 200 232 135 121 222 238 142 160 138 92 144 148 189 105 196 244 98 102 156 33 144 169 240 139 210 166 189 235 160 202 161 188 248 220 45 4 235 108 222 140 186 0 
0 117 253 193 175 215 250 150 106 173 159 159 159 159 159 222 134 217 37 195 206 154 42 16 71 49 248 60 156 214 82 87 136 19 187 8 197 143 231 4 220 151 206 82 202 131 159 178 155 79 238 12 139 159 79 48 143 222 222 249 222 169 173 110 253 116 146 154 166 137 181 63 89 61 150 188 69 147 128 168 142 97 10 178 219 172 93 196 184 235 135 168 230 239 98 141 204 229 189 134 167 136 222 4 180 144 19 39 108 104 192 141 251 189 183 14 88 91 117 248 186 134 243 254 207 16 102 0 
0 205 173 215 26 201 143 251 122 213 159 159 159 159 159 159 151 202 222 166 51 112 236 174 185 206 109 232 241 200 140 249 254 172 156 155 200 180 167 17 58 238 128 68 158 26 96 171 63 104 104 104 104 2 251 170 170 64 64 163 209 208 103 110 112 235 197 218 100 253 180 26 145 228 197 139 142 182 182 176 77 164 201 73 217 225 65 44 137 129 125 45 133 158 229 207 6 224 58 57 168 249 178 98 246 123 193 43 210 184 171 168 214 104 226 130 243 160 185 188 201 215 83 243 157 160 88 0 
0 204 202 90 26 231 2 226 247 225 51 226 159 159 159 159 22 248 93 45 104 153 203 226 93 154 134 54 235 18 222 234 238 125 221 68 226 70 74 204 202 194 98 136 178 44 148 48 143 222 222 222 222 217 10 127 127 127 229 199 234 158 199 180 130 83 107 220 162 139 165 184 104 142 151 105 189 24 178 210 161 189 187 73 126 186 128 126 221 151 211 65 232 242 194 139 123 198 76 70 170 212 217 131 201 204 166 96 88 195 237 127 23 68 220 56 124 40 212 68 97 10 233 224 224 38 210 0 
0 217 228 90 26 135 232 108 85 198 172 126 159 159 159 159 167 248 105 188 27 242 174 172 105 74 109 178 174 237 169 218 236 248 72 118 58 72 40 160 114 253 120 178 59 139 55 197 146 88 242 209 222 24 79 122 122 170 53 117 17 212 158 191 50 123 100 94 16 139 198 13 152 194 156 110 79 244 133 48 212 19 148 58 223 126 23 223 132 234 207 44 18 65 138 206 164 200 152 203 177 144 148 236 163 164 196 168 220 74 164 87 111 29 108 250 160 217 56 92 169 186 94 81 92 217 145 0 
0 214 146 152 26 254 250 49 237 79 208 196 159 159 159 159 208 202 162 188 73 76 134 220 49 5 140 147 120 48 92 45 246 204 87 34 95 135 225 175 22 21 217 187 219 241 94 156 154 161 164 122 71 60 227 28 226 42 130 89 197 252 248 245 114 165 133 95 100 48 217 44 236 23 235 192 232 14 108 247 193 151 238 120 207 62 233 161 164 253 150 147 115 68 213 207 152 234 84 148 82 76 249 86 12 147 178 129 71 86 240 129 11 157 254 201 128 210 137 237 13 53 120 174 42 74 101 0 
0 200 126 32 26 12 241 250 147 229 75 182 226 178 144 160 227 221 209 222 186 252 208 81 158 167 200 235 87 17 31 169 142 116 90 96 89 227 213 225 240 108 122 245 235 79 169 196 43 212 216 18 189 91 56 217 88 201 188 136 178 76 82 199 186 78 158 149 28 80 137 217 170 72 161 190 133 232 88 242 86 216 27 213 234 251 254 97 134 137 226 8 70 162 196 207 254 221 49 255 182 228 136 184 52 40 116 85 130 126 62 124 31 214 72 209 210 86 148 145 47 255 177 198 208 124 172 0 
0 17 247 189 183 242 208 180 98 140 90 91 162 171 157 76 96 192 199 185 148 93 246 246 208 135 35 55 248 206 237 141 2 20 71 234 156 204 154 217 80 149 110 169 240 150 133 61 244 13 167 245 182 31 245 236 223 128 225 85 239 57 200 192 94 222 224 108 224 133 242 228 254 142 121 241 130 41 66 100 190 206 247 230 153 249 212 97 6 184 139 90 61 75 223 145 254 205 238 120 177 35 116 128 40 124 198 189 217 77 205 72 105 228 77 125 36 100 254 142 136 42 59 80 185 64 182 0 
0 241 228 34 201 161 124 228 166 11 41 85 109 115 146 250 248 233 239 183 160 102 51 237 114 112 4 200 100 193 61 138 190 96 234 131 55 223 191 99 213 31 46 253 202 54 238 124 240 247 165 141 126 40 18 205 254 54 68 160 53 113 104 11 201 188 245 149 200 82 20 219 254 168 113 207 178 58 195 242 185 19 151 126 60 95 36 53 57 196 162 124 186 97 176 19 182 187 160 156 101 250 210 241 16 153 0 104 253 228 202 170 196 250 15 96 226 109 104 114 116 210 246 24 230 197 26 0 
0 206 158 91 133 160 253 71 202 204 175 228 48 75 250 227 246 236 246 87 228 0 142 153 156 212 223 208 185 135 181 254 171 60 226 77 250 45 121 58 254 108 88 251 253 89 198 218 179 126 207 215 192 178 40 208 98 22 156 174 143 194 81 238 200 114 142 148 214 161 106 246 89 196 99 176 151 122 116 230 211 49 77 83 0 240 223 154 248 216 163 173 2 174 226 208 165 14 154 209 182 187 174 223 230 132 148 82 233 95 180 178 130 183 12 118 208 120 38 224 16 106 176 76 151 124 190 0 
0 27 164 251 181 156 156 98 172 84 199 233 241 141 35 188 99 190 165 7 249 92 207 131 14 215 20 74 136 162 117 158 247 225 151 61 10 163 158 41 138 139 137 230 20 246 84 58 222 149 93 239 115 212 173 2 253 150 65 118 107 238 58 247 187 131 247 140 204 83 131 179 248 239 191 149 234 86 62 210 85 93 234 216 180 172 106 107 159 170 205 143 166 79 118 242 232 56 26 82 123 249 13 46 158 110 217 166 158 77 224 13 100 216 208 131 232 177 93 134 153 231 146 127 89 136 88 0 
0 159 241 34 6 220 184 150 198 197 9 96 232 12 140 20 195 83 210 214 129 249 42 171 182 171 249 233 190 155 249 116 176 148 234 97 205 196 233 109 174 216 131 222 41 250 231 16 225 255 204 252 219 184 89 145 153 202 35 190 195 251 231 129 195 158 233 206 214 141 68 179 107 1 253 236 77 254 200 15 94 173 101 80 158 209 193 221 196 128 86 152 84 255 163 146 198 237 146 166 163 138 35 240 130 207 153 124 51 104 141 191 52 195 146 188 224 5 89 253 195 136 228 248 239 214 166 0 
0 160 149 71 86 211 171 223 244 180 110 158 92 192 226 105 109 70 132 56 128 24 228 114 128 213 199 251 74 192 139 125 200 96 46 46 72 119 247 62 99 181 248 130 64 254 28 227 114 124 229 110 115 162 234 151 230 186 226 48 107 177 229 146 161 219 134 58 141 228 99 151 108 230 109 122 215 119 215 190 46 136 178 158 10 45 164 86 50 243 175 254 207 221 41 8 95 222 159 231 121 207 80 86 143 117 20 203 189 254 250 211 175 211 70 180 250 124 183 221 96 250 132 148 61 158 165 0 
0 218 50 156 214 106 97 102 156 195 97 236 137 20 254 56 24 40 42 69 224 216 134 212 94 61 173 173 164 220 25 191 102 157 255 32 30 135 246 199 29 123 8 26 127 199 41 71 252 251 93 214 182 220 193 229 237 220 175 118 182 14 185 247 236 96 217 172 84 231 51 36 56 236 185 187 193 222 233 84 240 194 58 181 246 143 219 212 232 103 219 17 176 64 142 143 136 22 55 200 33 117 156 107 235 175 133 250 105 88 146 78 188 157 128 226 208 168 186 164 252 249 244 4 107 103 193 0 
0 88 124 197 228 141 248 246 184 90 212 165 172 212 130 221 146 146 53 82 162 9 28 80 104 156 122 115 162 76 187 54 138 165 155 54 128 235 144 53 199 249 124 119 219 212 205 160 84 181 140 107 221 152 216 225 236 70 56 238 42 100 253 235 167 214 163 166 231 233 159 173 118 228 37 167 48 199 49 178 124 187 57 200 182 196 250 185 86 25 90 54 149 165 243 106 85 146 133 184 80 101 88 232 20 188 250 85 234 73 202 83 89 238 4 250 50 219 245 6 185 158 100 7 34 96 62 0 
0 250 201 141 14 222 229 121 190 157 224 228 65 216 54 163 190 241 222 8 0 80 122 78 31 112 242 46 156 39 108 178 147 84 126 174 189 19 113 53 247 126 232 90 174 104 115 38 245 110 95 4 128 71 142 165 199 163 83 47 38 214 85 213 188 46 223 196 33 91 77 210 76 248 22 218 246 76 173 148 146 235 128 252 94 0 169 71 38 31 80 248 130 150 226 62 50 205 106 188 244 168 25 188 85 135 52 121 24 207 245 222 189 207 63 21 216 222 66 250 191 158 245 115 135 211 128 0 
0 253 87 124 207 22 140 112 212 64 118 24 66 99 131 91 22 228 201 12 110 123 249 42 225 18 227 165 92 197 185 73 12 115 199 8 171 58 228 240 245 97 41 56 99 172 48 104 227 242 90 245 150 186 166 93 33 183 142 249 212 166 247 134 180 120 246 208 193 34 232 151 60 190 220 78 203 254 255 228 248 147 92 104 74 137 203 141 189 137 246 225 226 249 136 135 124 182 126 166 236 238 231 226 8 240 140 231 20 180 183 166 135 150 126 93 116 18 225 71 118 63 101 195 205 228 199 0 
0 149 248 162 111 40 130 176 146 194 48 87 65 208 207 65 124 246 14 122 22 102 133 15 231 4 45 197 52 192 203 215 183 25 24 217 71 236 62 219 179 87 206 219 222 55 156 124 116 144 127 62 128 154 200 81 220 142 200 165 93 109 172 245 24 83 142 103 232 126 103 30 252 58 132 72 168 124 72 215 23 50 80 152 186 237 160 227 4 177 193 126 173 56 225 249 212 222 89 251 220 252 110 242 99 189 214 158 205 208 219 41 46 112 241 249 232 238 74 240 106 84 218 219 140 177 234 0 
0 187 59 249 205 128 172 190 234 80 196 200 118 96 254 58 96 96 12 85 158 26 153 229 167 160 78 93 90 84 206 228 235 38 249 133 188 189 146 75 195 70 26 180 176 144 152 190 153 82 79 123 44 79 83 190 144 223 186 0 228 122 22 146 106 137 200 74 219 113 123 216 55 199 228 7 223 228 2 160 156 140 94 237 185 70 253 231 227 30 189 41 97 36 83 140 152 81 131 28 245 127 134 90 53 228 70 232 15 133 102 114 56 198 71 0 55 69 152 119 115 183 20 76 180 65 200 0 
0 255 143 202 195 85 99 97 105 230 160 31 31 237 31 228 237 237 1 248 168 252 18 18 142 66 145 126 43 158 84 25 88 46 218 234 70 177 210 234 103 181 217 62 84 232 164 108 244 0 79 92 244 176 195 239 93 242 253 205 153 2 157 191 111 44 166 218 60 12 6 168 118 112 170 22 88 207 187 162 95 144 142 139 172 252 111 233 228 205 84 97 243 186 170 164 227 63 26 140 195 100 58 42 114 24 217 138 211 160 116 205 156 217 163 232 33 53 238 227 77 104 148 64 55 212 180 0 
0 89 214 176 181 207 74 114 156 149 228 31 31 31 31 31 31 31 31 31 151 254 222 100 196 233 101 171 221 9 213 200 58 46 244 129 251 6 168 242 254 206 177 94 176 9 143 160 207 0 176 0 207 0 223 165 193 191 61 60 62 238 198 223 213 211 147 196 200 169 37 108 114 220 25 151 58 118 170 52 207 126 94 226 81 137 253 146 222 243 250 216 146 98 225 240 108 207 140 79 248 21 0 26 204 170 199 233 214 131 177 72 164 219 202 87 169 22 61 58 6 35 202 52 228 102 138 0 
0 66 97 190 146 33 33 253 247 172 31 31 31 31 31 31 31 31 31 31 113 233 94 182 147 61 12 30 124 56 57 98 224 180 0 220 131 156 245 192 27 252 162 252 124 116 101 188 210 0 0 0 0 0 166 140 50 60 202 202 220 198 88 248 23 126 240 226 54 192 172 68 140 188 60 108 117 185 199 216 136 172 113 163 149 31 230 154 117 44 134 77 31 130 213 149 12 136 79 9 154 237 204 36 98 154 221 230 183 160 171 106 148 141 216 169 149 234 122 247 79 199 35 230 78 160 251 0 
0 66 236 78 199 96 126 253 70 172 31 31 31 31 31 70 62 74 31 31 7 16 31 119 214 140 220 110 193 153 224 181 59 230 161 229 91 95 121 228 96 151 227 178 168 231 27 210 74 192 229 73 0 0 227 15 203 126 126 126 126 10 44 22 142 246 210 184 172 168 81 230 82 170 248 33 59 34 220 90 188 68 38 88 220 7 209 188 166 126 175 223 223 201 135 131 237 217 200 112 189 158 127 17 143 172 142 243 246 75 218 178 199 232 119 229 190 188 117 120 142 177 71 32 225 66 183 0 
0 66 237 212 157 36 183 253 70 249 241 174 31 31 31 209 186 222 65 241 130 150 127 75 65 241 166 116 232 90 98 231 100 206 105 128 115 205 252 58 38 168 165 57 173 61 99 142 146 98 69 116 73 0 79 228 220 130 126 126 126 66 224 100 155 249 221 197 230 250 196 215 200 182 227 197 189 149 149 240 184 0 229 50 133 233 126 229 241 248 53 17 185 74 178 235 252 120 94 104 110 216 123 26 234 226 46 246 205 178 24 129 238 181 156 106 142 9 122 149 78 190 209 135 134 128 79 0 
0 236 68 160 39 239 4 215 72 210 184 227 31 31 31 211 93 223 200 177 190 146 14 141 54 202 236 147 211 247 145 204 232 13 64 204 199 155 111 244 66 192 192 184 100 104 254 76 211 208 158 213 5 0 79 70 56 82 141 126 205 159 40 193 71 152 240 106 176 70 53 214 82 14 42 141 190 176 58 135 133 201 234 139 77 182 211 147 189 229 172 222 105 50 168 243 104 139 232 133 43 146 199 92 102 197 173 48 161 48 246 201 167 54 98 129 250 44 42 143 17 171 240 244 164 187 216 0 
0 53 172 235 88 209 93 46 254 191 98 250 31 31 31 5 239 224 141 51 8 120 243 48 218 254 38 82 216 108 128 73 180 85 212 60 225 114 127 6 126 158 86 142 250 67 83 240 216 119 146 227 44 0 176 30 247 154 133 254 87 252 178 192 238 133 142 16 181 66 35 143 190 79 72 114 170 97 98 57 156 238 230 249 188 22 22 144 139 242 128 36 74 210 1 227 188 152 134 202 104 12 0 199 86 193 221 224 80 15 227 135 108 229 22 12 0 218 81 152 64 125 207 4 177 51 17 0 
0 192 107 44 128 119 141 170 56 217 250 227 74 31 31 116 250 24 40 126 13 216 62 178 108 58 87 92 246 223 233 223 17 43 70 233 188 230 127 243 171 134 172 166 240 239 82 255 140 241 242 163 44 0 0 162 141 69 157 197 112 244 201 165 122 134 33 94 154 117 161 241 180 84 229 108 146 148 202 141 49 136 240 194 169 82 191 240 90 66 182 187 73 98 252 228 98 106 220 74 166 27 133 233 162 65 159 131 189 54 126 216 26 214 137 205 10 32 118 186 121 253 90 219 85 128 132 0 
0 122 107 30 129 140 11 196 187 224 92 78 124 155 172 240 252 157 26 142 190 134 151 235 251 245 206 221 102 23 120 108 196 97 148 241 246 218 238 34 201 235 252 137 244 199 94 119 192 245 216 46 244 0 0 0 109 96 82 171 160 206 186 28 140 220 217 167 100 128 217 247 30 227 238 42 219 99 155 30 225 231 156 73 53 208 43 110 160 193 228 71 179 107 92 231 225 203 162 100 198 237 24 9 126 159 89 238 94 207 114 245 102 53 189 30 44 213 155 179 109 125 3 11 244 131 4 0 
0 252 202 30 227 159 192 16 118 42 54 103 212 243 232 216 205 178 210 210 25 224 33 158 22 133 3 227 78 99 111 62 243 42 96 221 71 102 249 225 190 137 64 150 16 248 11 233 195 24 92 207 207 192 188 172 186 146 63 158 108 11 183 80 138 0 132 216 253 249 174 41 252 210 14 113 244 41 198 168 200 15 249 102 244 242 34 97 208 130 96 146 8 132 118 62 219 132 85 198 2 6 172 180 52 224 93 243 228 54 223 126 220 118 32 236 255 116 96 230 64 57 200 211 186 227 18 0 
0 48 158 99 193 171 114 193 88 223 242 192 8 202 119 114 88 57 75 34 82 194 53 48 238 156 144 234 236 254 238 236 170 116 231 109 90 64 253 175 225 194 106 199 212 178 59 188 101 224 124 91 96 186 238 76 141 230 37 248 8 73 0 190 244 244 216 206 227 121 188 111 254 103 204 36 92 183 178 113 164 143 19 76 152 57 118 220 148 21 218 92 89 4 147 249 212 161 168 150 117 38 110 243 54 145 134 199 128 233 223 93 78 147 157 180 40 248 232 138 252 26 36 164 14 18 30 0 
0 120 65 253 212 229 202 145 244 132 128 82 212 32 227 82 73 115 245 129 106 244 248 114 251 200 161 19 202 151 45 212 199 181 196 108 126 230 169 194 195 205 80 57 57 134 145 70 202 119 242 127 8 152 200 195 12 170 114 199 15 122 69 101 76 56 250 211 142 52 131 156 254 255 239 212 239 118 194 184 34 144 143 51 232 187 243 46 244 224 171 247 47 136 239 179 191 240 248 104 197 78 163 152 227 176 3 14 248 24 121 51 131 13 215 157 154 54 107 26 217 103 180 168 212 130 60 0 
0 162 130 38 86 111 96 231 180 148 243 192 38 62 166 123 218 229 94 222 102 126 50 130 211 148 225 23 132 10 147 178 106 174 112 178 204 219 221 240 235 227 1 233 197 215 150 224 150 181 135 237 19 202 169 217 178 200 65 135 135 167 55 40 247 129 208 64 205 228 194 78 245 39 135 197 211 228 110 134 245 160 252 131 60 84 181 152 216 164 173 169 199 183 20 199 208 94 186 172 228 45 164 247 34 191 12 93 231 219 28 48 66 153 204 193 172 57 210 122 223 24 122 223 101 225 88 0 
0 0 0 0 0 0 0 0 0 0 0 0 0 0 0 0 0 0 0 0 0 0 0 0 0 0 0 0 0 0 0 0 0 0 0 0 0 0 0 0 0 0 0 0 0 0 0 0 0 0 0 0 0 0 0 0 0 0 0 0 0 0 0 0 0 0 0 0 0 0 0 0 0 0 0 0 0 0 0 0 0 0 0 0 0 0 0 0 0 0 0 0 0 0 0 0 0 0 0 0 0 0 0 0 0 0 0 0 0 0 0 0 0 0 0 0 0 0 0 0 0 0 0 0 0 0 0 0 
