0 0 0 0 0 0 0 0 0 0 0 0 0 0 0 0 0 0 0 0 0 0 0 0 0 0 0 0 0 0 0 0 0 0 0 0 0 0 0 0 0 0 0 0 0 0 0 0 0 0 0 0 0 0 0 0 0 0 0 0 0 0 0 0 0 0 0 0 0 0 0 0 0 0 0 0 0 0 0 0 0 0 0 0 0 0 0 0 0 0 0 0 0 0 0 0 0 0 0 0 0 0 0 0 0 0 0 0 0 0 0 0 0 0 0 0 0 0 0 0 0 0 0 0 0 0 0 0
0 0 0 0 0 0 0 0 0 0 0 0 0 0 0 0 0 0 0 0 0 0 0 0 0 0 0 0 0 0 0 0 0 0 0 0 0 0 0 0 0 0 0 0 0 0 0 0 0 0 0 0 0 0 0 0 0 0 0 0 0 0 0 0 0 0 0 0 0 0 0 0 0 0 0 0 0 0 0 0 0 0 0 0 0 0 0 0 0 0 0 0 0 0 0 0 0 0 0 0 0 0 0 0 0 0 0 0 0 0 0 0 0 0 0 0 0 0 0 0 0 0 0 0 0 0 0 0
0 0 0 0 0 0 0 0 0 0 1 1 1 1 1 1 0 0 0 0 0 0 0 0 0 0 0 0 0 0 0 0 0 0 0 0 0 0 0 0 0 0 0 0 0 0 0 0 0 0 0 0 0 0 0 0 0 0 0 0 0 0 0 0 0 0 0 0 0 0 0 0 0 0 0 0 0 0 0 0 0 0 0 0 0 0 0 0 0 0 0 0 0 0 0 0 0 0 0 0 0 0 0 0 0 0 0 0 0 0 0 0 0 0 0 0 0 0 0 0 0 0 0 0 0 0 0 0
0 0 0 0 0 0 0 0 0 0 0 0 0 0 0 0 0 0 0 0 0 0 0 0 0 0 0 0 0 0 0 0 0 0 0 0 0 0 0 0 0 0 0 0 0 0 0 0 0 0 0 0 0 0 0 0 0 0 0 0 0 0 0 0 0 0 0 0 0 0 0 0 0 0 0 0 0 0 0 0 0 0 0 0 0 0 0 0 0 0 0 0 0 0 0 0 0 0 0 0 0 0 0 0 0 0 0 0 0 0 0 0 0 0 0 0 0 0 0 0 0 0 0 0 0 0 0 0
0 0 0 0 0 0 0 0 0 0 0 0 0 0 0 0 0 0 0 0 0 0 0 0 0 0 0 0 0 0 0 0 0 0 0 0 0 0 0 0 0 0 0 0 0 0 0 0 0 0 0 0 0 0 0 0 0 0 0 0 0 0 0 0 0 0 0 0 0 0 0 0 0 0 0 0 0 0 0 0 0 0 0 0 0 0 0 0 0 0 0 0 0 0 0 0 0 0 0 0 0 0 0 0 0 0 0 0 0 1 25 52 51 41 7 0 0 0 0 0 0 0 0 0 0 0 0 0
0 0 0 0 0 0 0 0 0 1 1 1 1 1 1 1 1 1 1 1 0 0 0 0 0 0 0 0 0 0 0 0 0 0 0 0 0 0 0 0 0 0 0 0 0 0 0 0 0 0 0 0 0 0 0 0 0 0 0 0 0 0 0 0 0 0 0 0 0 0 0 0 0 0 0 0 0 0 0 0 0 0 0 0 0 0 0 0 0 0 2 9 8 8 0 0 0 0 0 0 0 0 0 0 0 0 0 0 0 32 114 163 174 144 71 1 0 0 0 0 0 0 0 0 0 0 0 0
0 0 0 0 0 0 0 0 1 1 0 0 2 2 2 2 2 2 2 2 0 0 0 0 0 0 1 1 0 0 0 0 0 0 0 0 0 0 0 0 0 0 0 0 0 0 0 0 0 0 0 0 0 0 0 0 0 0 0 0 0 0 0 0 0 0 0 0 0 0 0 0 0 0 0 0 0 0 0 0 0 0 0 0 0 15 67 96 94 60 39 119 99 100 2 0 0 0 0 0 0 0 0 0 0 0 0 0 0 95 192 190 187 210 155 14 0 0 0 0 0 0 0 0 0 0 0 0
0 0 0 0 0 0 0 0 17 68 98 123 112 105 105 116 122 93 62 12 1 2 2 1 1 1 1 1 1 0 0 0 0 0 0 0 0 0 0 0 0 0 0 0 0 0 0 0 0 0 0 0 1 1 1 1 0 0 0 0 0 0 0 0 0 0 0 0 0 0 0 0 0 0 0 0 0 0 0 0 0 0 0 0 0 18 138 168 174 124 47 145 85 137 2 0 0 0 0 0 0 0 0 0 0 0 1 2 3 148 230 97 67 192 220 34 0 0 0 0 0 0 0 0 0 0 0 0
0 0 0 0 0 0 0 0 36 133 162 189 172 159 160 176 184 157 124 24 2 2 3 2 2 1 1 0 1 1 1 0 0 0 0 0 1 0 1 0 0 0 1 1 1 0 0 0 0 0 2 2 2 2 2 2 1 0 0 0 0 0 0 0 0 0 0 0 0 0 0 0 0 0 0 0 0 0 0 0 0 0 0 0 0 20 171 138 162 155 51 155 95 132 13 28 20 19 16 13 20 18 26 30 28 30 51 47 45 158 216 63 54 147 242 51 0 0 0 0 0 0 0 0 0 0 0 0
0 0 0 0 0 0 0 0 49 168 124 58 68 58 67 62 57 139 161 29 8 6 5 6 5 5 5 9 9 8 2 1 0 0 4 26 23 27 4 0 0 0 0 0 1 1 0 0 0 1 2 10 7 10 8 9 6 0 0 0 0 0 0 0 0 0 0 0 0 0 0 0 0 0 0 0 0 0 0 0 0 0 0 0 0 9 188 164 186 168 77 133 79 113 170 230 185 164 150 123 163 128 160 168 151 169 110 111 41 153 183 79 96 103 242 63 0 0 0 0 0 0 0 0 0 0 0 0
0 0 0 0 0 0 0 0 54 186 129 7 49 36 52 33 10 149 178 21 64 53 55 70 63 62 69 99 83 59 3 1 2 1 8 78 55 80 12 1 1 0 0 0 0 1 1 1 1 2 37 78 72 86 65 74 27 0 0 0 0 0 0 0 0 0 0 0 0 0 0 0 0 0 0 0 0 0 0 0 0 0 0 0 0 0 173 154 173 154 100 170 120 134 124 136 121 151 156 91 131 113 115 125 98 131 36 107 51 124 124 71 120 54 230 71 0 0 0 0 0 0 0 0 0 0 0 0
0 0 0 0 0 0 0 0 54 184 127 1 47 36 51 32 9 147 176 11 99 63 77 121 99 88 88 75 75 67 3 0 1 1 10 108 31 109 16 2 1 1 2 1 2 1 2 1 0 20 110 130 137 133 108 129 41 0 0 0 0 0 0 0 0 0 0 0 0 0 0 0 0 0 0 0 0 0 0 0 0 0 0 0 0 0 174 155 174 155 122 199 101 38 113 117 80 129 87 45 46 98 147 110 84 105 127 135 16 128 79 54 144 16 228 89 0 0 0 0 0 0 0 0 0 0 0 0
0 0 0 0 0 0 0 0 54 185 127 3 48 36 51 33 9 148 176 12 127 32 47 137 94 54 75 26 69 57 77 77 62 46 74 119 40 113 66 79 78 45 41 44 37 46 47 82 69 55 99 105 51 21 7 146 54 0 0 0 0 0 0 0 0 0 0 0 0 0 0 0 0 0 0 0 0 0 0 0 0 0 0 0 0 0 174 155 174 147 100 196 95 22 63 104 109 96 64 21 55 110 169 68 192 129 203 55 36 139 42 75 151 77 210 142 1 0 0 0 0 0 0 0 0 0 0 0
0 0 0 0 0 0 0 0 52 178 124 23 50 39 52 38 24 142 169 17 137 0 29 120 85 29 41 35 42 98 131 142 120 111 126 115 80 96 121 144 130 111 87 101 87 101 111 127 107 69 88 125 94 62 58 145 57 0 0 0 0 0 0 0 0 0 0 0 0 0 0 0 0 0 0 0 0 0 0 0 0 0 0 0 0 0 174 154 174 108 107 155 94 16 50 110 118 82 64 13 61 111 170 22 230 95 233 62 94 153 46 110 145 161 153 216 33 0 0 0 0 0 0 0 0 0 0 0
0 0 0 0 0 0 0 0 44 152 124 96 94 86 90 93 93 133 144 23 128 43 16 71 57 4 15 22 30 40 25 16 51 58 33 44 32 48 32 4 0 70 58 79 69 60 90 13 95 95 39 124 45 16 50 121 60 0 0 0 0 0 0 0 0 0 0 0 0 0 0 0 0 0 0 0 0 0 0 0 0 0 0 0 0 9 187 166 165 114 128 118 101 34 60 112 122 96 58 81 95 109 166 55 147 31 184 149 154 123 121 103 98 219 43 255 103 0 0 0 0 0 0 0 0 0 0 0
0 0 0 0 0 0 0 0 44 147 102 25 44 36 46 36 28 117 141 27 109 88 5 4 12 21 50 14 37 27 66 64 30 25 62 89 44 26 64 81 80 27 15 32 24 40 51 25 106 107 19 130 42 10 60 119 60 0 0 0 0 0 0 0 0 0 0 0 0 0 0 0 0 0 0 0 0 0 0 0 0 0 0 0 0 18 164 139 94 11 39 65 71 47 33 87 93 92 78 86 59 20 90 11 71 89 111 127 183 45 172 69 51 221 100 225 176 17 0 0 0 0 0 0 0 0 0 0
0 0 0 0 0 0 0 0 48 158 124 90 90 83 88 89 88 137 152 30 85 132 7 66 40 39 96 21 45 31 55 36 82 49 90 55 81 32 98 25 79 5 20 4 16 55 53 62 47 122 27 130 42 10 60 119 60 0 0 0 0 0 0 0 0 0 0 0 0 0 0 0 0 0 0 0 0 0 0 0 0 0 0 0 0 17 131 167 174 164 143 185 139 171 126 164 155 134 150 165 201 163 131 87 60 110 97 51 169 51 178 40 29 175 199 140 228 53 0 0 0 0 0 0 0 0 0 0
0 0 0 0 0 0 0 0 55 185 126 2 46 33 49 30 9 147 176 35 61 163 19 124 88 48 128 39 50 35 57 39 74 29 69 94 43 29 65 83 32 10 54 42 40 50 67 106 23 146 18 131 44 11 60 119 60 0 0 0 0 0 0 0 0 0 0 0 0 0 0 0 0 0 0 0 0 0 0 0 0 0 0 0 0 13 56 83 106 98 88 81 62 55 26 11 24 39 53 77 58 60 76 86 105 83 87 56 122 132 146 21 17 121 233 35 236 95 0 0 0 0 0 0 0 0 0 0
0 0 0 0 0 0 0 0 54 184 126 2 46 34 49 30 8 145 175 35 38 152 68 138 109 75 128 64 60 59 58 52 72 54 24 12 47 69 34 10 66 75 88 87 86 65 48 96 26 127 33 111 47 46 58 102 50 0 0 0 0 0 0 0 0 0 0 0 0 0 0 0 0 0 0 0 0 0 0 0 0 0 0 0 0 1 4 11 25 43 64 83 99 112 122 130 136 138 141 139 134 117 92 56 21 43 65 111 65 177 99 9 8 75 211 68 204 123 0 0 0 0 0 0 0 0 0 0
0 0 0 0 0 0 0 0 54 185 127 1 47 36 50 31 9 147 175 35 19 112 88 112 97 85 109 76 81 98 69 80 70 118 130 152 125 121 133 148 125 94 88 103 110 85 103 119 122 106 34 86 61 83 64 79 35 2 0 0 0 0 0 0 0 0 0 0 0 0 0 0 0 0 0 0 0 0 0 0 0 0 0 0 0 6 28 50 69 80 86 87 82 75 66 54 37 15 13 46 81 117 146 166 175 166 107 136 35 174 64 3 2 72 194 49 194 122 0 0 0 0 0 0 0 0 0 0
0 0 0 0 0 0 0 0 54 184 126 2 47 36 48 32 9 146 175 34 6 38 35 39 34 31 38 30 34 42 29 35 25 50 61 74 53 44 70 72 62 31 31 38 41 32 59 70 71 43 10 33 27 36 27 30 14 2 0 0 0 0 0 0 0 0 0 0 0 0 0 0 0 0 0 0 0 0 0 0 0 0 0 0 0 19 51 61 55 46 37 27 17 12 27 57 89 116 138 151 157 151 136 110 81 45 33 129 40 112 95 18 3 98 187 21 183 99 2 0 0 0 0 0 0 0 0 0
0 0 0 0 0 0 0 0 44 151 140 135 127 117 118 126 130 144 142 28 1 0 1 2 2 1 1 1 1 1 2 2 2 1 1 0 2 1 1 0 2 2 2 2 2 3 2 1 0 1 1 1 2 1 2 3 3 2 0 0 0 0 0 0 0 0 0 0 0 0 0 0 0 0 0 0 0 0 0 0 0 0 0 0 0 28 63 45 18 17 14 21 48 79 106 123 129 124 111 90 66 42 22 8 1 18 52 62 65 47 139 81 10 101 161 91 161 71 7 0 0 0 0 0 0 0 0 0
0 0 0 0 0 0 0 0 30 111 149 182 166 154 153 168 177 141 101 19 0 0 1 1 1 1 1 1 1 2 1 1 1 1 1 1 1 1 1 1 1 1 1 1 1 1 1 1 1 1 1 1 1 1 1 1 1 0 0 0 0 0 0 0 0 0 0 0 0 0 0 0 0 0 0 0 0 0 0 0 0 0 0 0 0 34 66 38 9 20 50 81 100 103 93 72 48 27 13 4 0 0 0 0 1 27 58 27 66 52 123 101 16 83 105 68 91 62 20 0 0 0 0 0 0 0 0 0
0 0 0 0 0 0 0 0 7 27 39 48 44 41 42 47 49 37 25 5 0 0 0 0 0 0 0 0 0 0 0 0 0 0 0 1 1 1 1 0 0 0 0 0 0 0 0 0 0 0 0 0 0 0 0 0 0 0 0 0 0 0 0 0 0 0 0 0 0 0 0 0 0 0 0 0 0 0 0 0 0 0 0 0 0 32 67 33 33 63 82 78 59 35 16 5 1 0 0 0 0 0 0 0 0 36 62 19 36 73 102 98 55 61 32 7 33 64 30 0 0 0 0 0 0 0 0 0
0 0 0 0 0 0 0 0 0 0 0 1 0 0 1 1 0 1 0 0 1 0 0 0 0 0 0 0 0 0 0 0 0 0 1 1 1 1 1 1 0 0 0 0 0 0 0 0 0 0 0 0 0 0 0 0 0 0 0 0 0 0 0 0 0 0 1 0 0 0 0 0 0 0 0 0 0 0 0 0 0 0 0 0 0 26 60 39 60 62 43 20 5 1 1 2 1 1 0 0 0 0 0 0 0 38 65 23 3 35 72 154 195 121 54 6 37 61 28 0 0 0 0 0 0 0 0 0
0 0 0 0 0 0 0 0 0 0 1 2 1 1 1 1 1 1 1 1 1 0 0 0 0 0 0 0 0 0 0 0 0 0 1 1 1 1 1 1 0 0 0 0 0 0 0 0 0 0 0 0 0 0 0 0 0 0 0 0 0 0 0 0 0 0 0 0 0 0 0 0 0 0 0 0 0 0 0 0 0 0 0 0 0 17 47 43 51 25 6 1 1 1 1 0 0 0 0 0 0 0 0 0 0 31 58 36 13 26 45 32 17 39 48 28 56 52 21 0 0 0 0 0 0 0 0 0
0 0 0 0 1 1 1 1 1 1 1 1 1 1 1 2 0 0 0 0 0 0 0 0 0 0 0 0 1 1 0 0 0 0 0 0 0 0 0 0 0 0 0 0 0 0 0 0 0 0 0 0 0 0 0 0 0 0 0 1 1 1 0 0 1 1 0 0 0 1 1 1 0 0 0 0 0 0 0 0 0 0 0 0 0 8 24 20 22 4 1 1 0 0 0 0 0 0 0 0 0 0 0 0 0 23 49 60 56 77 133 189 197 130 76 50 53 25 4 0 0 0 0 0 0 0 0 0
0 0 0 0 0 0 0 0 0 0 0 0 0 1 1 1 0 0 0 0 0 0 0 0 0 0 0 0 0 0 0 0 0 0 0 0 0 0 0 0 0 0 0 0 0 0 0 0 0 0 0 0 0 0 0 0 0 0 0 0 0 0 0 0 0 0 0 0 0 0 0 0 0 0 0 0 0 0 0 0 0 0 0 0 0 2 4 4 4 2 0 0 0 0 0 0 0 0 0 0 0 0 0 0 0 5 17 34 53 64 68 63 60 65 62 56 29 4 1 0 0 0 0 0 0 0 0 0
0 28 34 34 34 34 34 34 34 34 33 33 33 33 33 34 35 36 35 35 35 35 35 35 35 35 35 35 34 34 34 34 35 34 34 34 34 34 34 35 35 36 37 37 37 37 38 38 38 38 38 37 37 36 36 37 37 37 36 36 36 36 35 29 25 24 28 29 30 29 30 33 35 36 36 36 36 36 36 36 37 37 38 37 37 34 28 19 16 21 30 35 35 33 34 36 37 37 36 36 36 37 37 35 31 27 25 23 22 23 30 34 27 16 2 16 23 26 29 34 37 39 37 29 20 18 18 0
0 162 204 206 206 205 205 205 205 206 206 206 206 206 207 207 207 207 207 207 206 206 206 206 205 205 205 204 204 205 206 206 205 205 205 205 205 206 207 207 208 208 209 208 208 208 208 208 208 208 208 208 209 210 211 213 213 212 211 211 212 214 202 167 150 146 178 180 184 183 181 192 203 212 214 212 216 223 230 229 229 230 232 234 231 215 173 121 93 130 182 190 180 168 193 221 230 227 214 210 215 228 232 203 165 132 147 164 185 204 222 214 194 176 171 173 171 171 189 212 232 225 185 131 76 112 102 0
0 178 180 182 182 181 182 182 183 182 182 182 181 181 182 182 183 183 183 183 183 183 183 183 182 182 183 183 183 183 183 182 182 182 183 182 182 183 183 183 184 184 185 186 186 187 186 186 186 186 186 186 186 187 187 187 187 187 186 185 185 187 177 169 138 141 164 165 168 166 161 165 172 180 183 178 182 195 207 208 205 206 208 208 204 188 171 119 83 136 179 153 143 112 167 198 208 200 184 175 188 205 207 182 147 85 127 145 165 185 189 191 180 175 167 169 169 175 190 204 194 151 122 70 47 121 87 0
0 171 12 9 9 10 12 12 11 9 9 10 10 9 8 8 9 10 10 10 10 10 10 11 11 11 11 12 12 11 10 10 11 11 11 11 11 10 9 9 9 9 9 6 22 40 53 57 59 59 61 61 62 63 65 67 64 48 28 8 8 9 40 135 40 94 47 43 34 19 27 16 14 15 8 16 20 40 22 9 10 11 10 7 14 69 149 96 47 114 115 63 156 90 150 43 14 23 56 8 55 18 10 129 161 57 107 15 30 65 15 23 26 39 21 29 32 47 65 44 69 169 162 68 49 114 67 0
0 174 8 2 2 1 2 1 2 1 1 1 1 1 1 2 2 2 2 3 3 2 1 1 2 3 4 5 4 3 2 2 3 4 4 3 3 3 3 3 3 3 8 68 142 188 209 212 212 212 212 212 211 212 212 212 210 194 152 84 13 3 40 135 52 120 49 37 33 9 19 14 4 11 17 22 42 70 86 51 12 6 7 9 20 91 149 78 49 123 116 88 182 74 183 72 8 16 51 22 47 10 23 143 161 75 122 15 11 53 48 35 15 24 34 29 38 23 43 10 137 186 76 62 126 100 111 0
0 173 8 2 1 1 2 0 1 1 1 0 0 0 0 0 0 1 1 1 0 1 1 2 4 3 3 1 2 14 19 19 10 1 1 3 3 2 0 1 0 2 14 130 189 171 154 148 147 147 146 145 146 146 146 145 149 168 189 154 31 1 39 132 57 124 14 24 36 13 20 13 8 4 10 28 36 51 80 101 65 24 9 5 19 102 142 59 42 129 121 91 189 30 166 105 68 43 29 22 14 36 39 123 133 82 102 4 17 45 54 58 32 9 46 36 69 53 34 33 178 151 29 133 142 56 147 0
0 173 8 2 2 1 2 2 1 0 0 0 0 1 1 1 1 0 0 0 1 2 2 3 4 2 2 32 86 143 171 171 141 94 45 6 2 4 0 1 1 3 22 171 191 26 37 69 74 82 58 62 51 68 50 45 45 17 144 195 45 3 39 131 48 115 71 56 30 3 20 12 11 3 7 31 22 30 9 66 101 87 45 12 16 101 137 57 32 135 128 90 185 15 131 104 77 59 5 3 28 57 37 86 112 70 71 25 19 22 24 46 47 3 64 33 63 73 47 66 188 94 94 153 101 58 167 0
0 172 8 3 2 2 3 3 2 1 1 1 1 1 2 1 1 0 0 1 2 3 2 2 3 1 46 138 194 210 198 199 211 205 161 79 11 3 2 1 2 4 26 189 188 54 95 89 82 88 95 78 76 96 100 104 110 83 106 209 53 2 38 134 35 94 29 14 5 24 20 12 0 4 9 37 18 37 65 25 41 93 93 49 16 92 136 59 31 142 129 92 183 46 94 90 74 64 4 9 35 47 23 62 98 54 49 11 6 23 35 42 57 3 49 43 25 54 78 85 178 37 143 115 5 76 149 0
0 171 8 1 0 1 1 0 1 2 2 2 2 2 1 1 1 2 2 2 1 2 1 1 3 54 149 199 158 66 12 18 65 146 195 171 77 5 2 2 3 6 25 188 173 90 95 49 20 27 80 19 57 43 56 72 63 83 58 206 54 1 37 136 25 94 36 17 53 59 37 19 16 10 7 33 14 23 43 62 41 35 90 82 34 87 138 55 37 147 126 101 184 62 77 133 89 32 8 6 28 42 28 70 80 44 51 26 37 37 45 24 46 10 30 34 22 30 83 93 137 35 159 56 55 50 135 0
0 170 9 0 1 1 1 0 1 2 2 3 3 2 1 2 2 2 1 1 0 1 0 1 42 147 197 122 14 108 129 112 75 27 118 199 152 32 3 21 32 42 43 174 160 85 81 36 22 32 80 19 62 24 22 19 14 90 54 205 54 1 38 135 43 116 48 45 38 74 68 13 28 17 13 29 17 19 24 42 58 28 37 90 62 86 141 54 41 157 121 106 186 76 65 164 112 9 8 10 8 21 27 92 51 48 57 39 43 34 36 14 29 33 2 26 38 45 40 38 87 55 155 34 72 55 142 0
0 170 9 0 2 3 4 3 2 1 0 1 2 2 0 2 2 2 0 1 1 2 2 9 114 201 147 34 108 104 62 100 83 3 31 156 202 85 17 21 13 7 20 172 163 79 111 106 94 89 95 82 91 113 109 122 115 101 100 208 54 1 38 130 55 123 64 77 61 63 93 13 21 6 17 25 23 20 21 33 47 48 23 72 82 83 141 48 42 161 118 100 189 93 33 161 149 31 24 28 25 37 86 94 19 59 61 46 28 31 42 35 18 54 23 35 49 39 12 31 32 74 132 34 49 57 172 0
0 170 10 0 1 2 3 2 1 1 1 2 1 3 0 3 1 3 1 2 2 3 3 40 177 194 61 90 76 64 115 123 82 2 1 87 206 147 28 5 23 39 40 168 179 28 68 97 105 108 84 65 67 71 86 87 95 60 136 204 51 0 38 129 65 134 42 63 52 62 75 5 20 22 13 16 16 20 25 26 32 39 39 33 86 61 144 53 45 163 117 83 193 117 16 135 163 76 69 67 69 90 100 55 41 63 55 43 12 34 46 50 7 60 21 37 48 27 33 55 31 103 99 32 2 49 198 0
0 170 10 0 1 1 1 2 1 0 0 1 1 3 0 3 2 2 2 3 1 0 4 80 210 145 13 87 96 124 98 70 34 1 0 32 168 183 49 16 22 6 17 145 185 114 86 77 75 72 74 74 74 76 77 80 80 103 172 170 38 2 38 129 68 142 34 48 42 62 50 38 15 43 7 6 6 22 26 18 16 21 38 6 78 35 128 54 51 134 98 55 173 128 31 84 149 52 30 30 46 71 52 13 62 66 39 37 11 27 42 58 10 55 17 32 45 29 68 67 96 127 50 17 8 43 205 0
0 169 10 3 12 17 21 21 21 21 21 21 21 21 22 21 17 11 3 2 1 0 4 125 215 93 2 35 36 32 9 27 25 11 1 6 127 188 78 22 8 1 9 96 168 198 207 207 208 208 207 206 205 206 206 206 206 203 178 117 20 4 39 129 69 147 29 37 5 31 28 56 14 59 5 6 9 23 26 12 6 15 40 19 60 12 91 75 79 85 67 56 108 120 133 105 124 60 49 33 45 48 11 39 70 70 28 22 11 27 41 53 10 46 26 21 42 57 91 50 138 138 13 7 10 30 199 0
0 170 9 67 115 147 156 156 156 157 157 157 156 155 155 153 134 98 45 4 1 1 9 159 206 55 1 3 47 114 163 180 161 112 52 42 98 166 113 17 2 1 0 26 70 104 125 127 124 123 124 126 127 125 123 122 120 102 74 34 3 4 39 132 70 155 29 35 26 55 82 88 48 78 9 7 12 25 24 6 3 19 40 24 41 17 48 54 54 42 24 11 52 95 140 126 96 43 12 47 67 27 19 42 73 67 20 2 19 32 36 44 21 41 49 17 70 94 80 15 141 138 20 14 10 17 192 0
0 170 58 144 179 186 189 185 186 186 190 190 190 190 190 191 195 180 129 30 4 2 21 183 190 28 4 55 145 184 172 150 159 167 140 85 47 140 143 23 2 1 2 1 1 19 52 82 102 108 106 106 105 106 107 108 109 112 113 102 76 43 33 135 69 162 25 42 23 14 31 61 52 91 15 9 12 26 22 2 6 19 38 31 32 32 19 13 10 12 11 12 17 19 27 34 19 10 23 57 73 13 36 44 68 63 14 13 33 20 20 37 24 23 58 25 97 89 35 19 138 139 24 15 13 15 192 0
0 168 100 128 52 58 42 32 32 42 30 36 47 56 55 57 84 161 183 57 6 4 34 196 172 14 34 128 171 111 23 17 33 91 133 87 32 130 173 38 2 1 1 2 15 98 168 203 211 209 209 209 209 208 208 207 207 207 208 207 184 138 35 139 64 170 12 42 34 37 51 56 47 89 20 7 11 27 20 12 13 22 38 35 30 33 21 11 12 10 11 14 18 15 15 13 15 22 2 46 63 13 37 40 59 53 19 52 64 50 38 43 25 26 56 53 82 55 48 50 96 103 81 72 49 15 191 0
0 165 130 116 73 131 150 136 125 130 117 108 27 1 1 1 5 132 214 77 7 5 48 203 155 5 88 165 121 18 25 15 10 16 54 103 105 104 176 43 17 25 25 24 54 164 160 105 61 72 84 94 88 73 76 81 94 94 97 113 153 189 73 138 56 173 9 38 33 17 26 51 23 78 30 9 11 27 20 18 14 21 35 37 27 25 27 4 15 10 8 8 10 4 2 3 7 22 12 52 50 21 36 30 41 45 123 178 189 187 178 166 147 135 151 154 139 105 74 86 137 193 231 228 196 132 165 0
0 164 139 126 81 94 65 58 63 79 75 99 28 1 1 3 5 120 211 82 13 11 52 200 144 32 136 153 45 7 4 8 5 2 12 93 135 136 128 27 29 27 24 24 61 190 98 53 102 92 93 85 84 83 80 92 81 78 77 55 43 207 104 134 38 160 48 15 29 23 17 36 13 61 47 4 6 21 18 13 14 20 29 34 22 15 23 20 30 22 21 19 16 13 12 13 13 16 19 62 36 31 28 15 30 108 185 184 158 146 109 86 24 38 60 52 38 48 22 69 98 139 150 170 204 206 129 0
0 164 138 140 45 76 80 57 40 44 18 69 75 55 50 63 77 106 168 77 34 35 40 176 147 70 164 106 6 3 2 7 8 2 15 37 68 81 61 14 7 25 27 27 69 202 61 95 66 91 90 93 77 40 57 81 109 115 108 100 32 208 121 130 23 134 70 45 13 20 17 33 28 39 63 31 5 10 11 7 19 18 22 23 18 14 18 15 7 6 4 5 6 5 5 6 7 5 23 61 35 34 12 4 21 132 158 60 17 7 125 124 117 111 115 129 123 134 107 60 128 9 8 20 82 195 69 0
0 164 136 141 80 124 109 108 114 117 123 123 147 157 141 119 118 107 129 70 12 5 30 156 148 102 167 58 13 3 2 9 6 12 31 23 12 34 17 17 28 21 16 18 72 209 65 103 49 20 5 6 55 33 50 40 15 17 16 89 32 207 121 130 5 102 55 59 2 20 24 27 27 19 56 59 25 3 7 16 21 16 18 11 19 13 58 82 100 83 56 23 5 5 5 5 5 3 15 45 33 24 13 20 28 168 147 8 0 31 164 91 119 135 78 37 18 125 16 23 171 10 1 0 26 175 13 0
0 164 137 128 29 33 28 40 54 52 51 33 27 8 32 27 56 61 104 71 31 31 34 132 146 117 147 23 12 3 4 1 31 53 41 48 24 32 17 35 33 5 6 9 74 215 100 97 108 111 105 98 89 68 78 106 111 117 107 96 31 207 121 132 5 95 58 71 10 22 44 28 11 29 25 64 54 14 11 27 21 14 16 0 17 78 117 116 105 95 82 58 41 19 1 4 6 4 9 26 29 33 35 42 41 186 154 5 1 42 169 30 110 179 54 55 40 117 9 22 177 10 1 1 21 172 15 0
0 162 140 153 81 123 113 103 109 103 122 128 145 155 141 125 119 126 159 75 7 2 22 111 129 102 103 5 19 24 23 23 55 54 33 65 44 23 30 43 27 2 1 7 71 214 112 41 31 51 64 74 61 36 42 55 65 65 59 47 37 207 120 135 7 103 61 68 8 21 59 20 10 41 25 46 82 41 15 35 20 11 14 34 78 110 84 23 24 58 43 67 92 62 15 5 7 6 6 11 19 32 29 22 32 195 158 6 0 41 171 42 136 174 26 156 115 24 39 68 177 8 0 0 21 176 17 0
0 161 139 151 53 76 84 105 122 118 83 36 60 64 46 42 40 115 199 80 7 3 6 69 89 40 70 28 44 47 46 23 52 25 50 78 54 32 58 46 22 1 0 7 71 213 108 72 90 108 99 99 69 76 57 83 62 64 17 2 51 207 122 138 8 105 59 66 15 17 66 18 30 49 42 19 78 88 27 37 20 7 30 77 96 60 13 31 32 46 6 39 71 98 45 3 8 7 5 1 10 7 11 0 42 193 156 6 1 26 152 87 69 66 98 187 133 98 17 115 147 4 0 0 21 178 18 0
0 161 134 138 39 40 49 49 59 57 98 74 5 1 0 0 1 126 210 78 6 1 10 40 50 6 43 56 40 37 49 9 36 43 64 77 66 36 80 56 17 7 6 10 70 210 95 68 51 61 87 96 86 43 26 39 41 76 31 0 51 199 116 133 4 108 55 60 18 17 62 17 32 57 50 37 35 95 82 37 17 8 61 103 62 22 50 40 12 35 8 30 25 107 71 6 10 15 17 14 19 17 23 21 51 190 153 5 33 19 87 152 160 141 117 118 92 151 164 120 60 52 36 0 21 179 19 0
0 150 95 105 39 80 99 122 136 133 110 69 27 29 30 31 53 132 163 60 56 56 56 29 22 39 28 62 53 8 56 35 29 46 59 63 56 24 76 72 67 70 70 73 79 187 89 80 61 55 30 21 83 12 24 10 7 97 39 0 50 177 105 120 38 111 49 51 19 22 60 35 36 55 47 53 36 35 77 73 46 35 89 101 19 70 81 73 51 7 20 26 18 104 100 26 28 30 29 31 12 13 20 31 71 189 151 18 66 77 56 63 14 12 73 89 68 58 18 28 86 98 76 6 21 179 19 0
0 144 89 72 47 48 50 42 39 50 85 113 133 133 134 133 132 114 87 68 87 86 77 51 21 34 21 66 58 12 59 62 32 27 17 42 49 11 45 56 75 80 80 80 62 141 102 35 65 78 98 99 93 34 24 26 35 77 30 5 65 145 57 90 62 116 46 45 20 32 62 53 39 43 35 46 57 35 20 33 44 47 91 70 21 69 73 48 74 18 6 19 25 93 130 48 32 20 27 9 30 20 42 31 87 183 150 29 93 79 111 137 145 124 121 122 138 138 146 126 89 104 101 12 21 179 18 0
0 90 49 32 26 43 59 78 91 95 91 89 88 89 88 88 72 47 19 28 29 26 27 63 61 45 16 79 51 14 67 91 36 21 6 40 36 13 12 8 13 15 14 14 5 82 104 72 38 33 24 21 31 14 22 8 20 57 74 97 113 110 28 64 82 120 43 40 21 40 62 62 42 30 30 46 44 47 39 27 8 31 69 26 44 31 76 54 71 1 7 24 19 68 151 74 62 35 61 3 67 19 63 52 90 168 148 34 106 80 47 53 34 5 20 30 36 39 49 44 39 110 111 15 22 182 19 0
0 65 3 10 22 31 35 42 19 13 14 13 12 11 11 10 9 6 3 3 3 3 2 41 53 35 35 95 58 19 79 101 37 34 20 32 26 5 3 2 3 4 4 3 4 37 84 112 123 122 121 120 119 111 108 103 115 124 132 129 104 67 20 62 84 125 42 36 18 37 55 59 29 17 17 38 38 34 34 33 28 50 49 65 56 46 46 28 53 3 8 14 25 36 150 90 77 25 87 5 88 20 56 62 64 135 159 17 100 80 75 83 97 108 118 112 123 122 132 120 95 97 101 7 60 196 42 0
0 65 1 4 2 2 24 45 14 5 0 2 3 5 5 4 1 1 0 0 0 0 0 15 38 19 30 85 83 68 75 91 24 37 10 21 12 6 3 1 1 3 3 3 1 5 8 21 32 35 37 38 39 41 42 44 43 41 39 29 19 5 27 61 86 133 46 34 13 26 44 48 9 36 27 17 35 29 25 23 25 65 50 77 43 69 28 29 42 32 23 25 27 32 133 78 76 10 84 19 87 34 38 83 36 84 165 133 85 34 25 41 43 36 19 25 23 16 36 31 23 49 95 126 181 210 115 0
0 65 1 3 2 2 25 45 13 6 2 4 2 3 3 4 2 1 1 0 0 1 0 5 24 17 13 44 62 54 43 63 32 24 4 12 8 5 4 3 2 4 2 4 2 0 5 7 9 9 10 10 9 9 9 8 7 7 6 6 4 2 23 65 78 132 50 38 38 32 34 32 60 65 69 20 28 24 21 10 10 53 39 40 36 46 54 73 81 73 60 41 24 30 111 56 70 15 82 28 83 42 24 101 37 15 102 123 82 67 45 100 124 166 178 176 182 192 205 215 202 211 220 243 225 164 163 0
0 65 0 4 1 2 26 47 12 6 3 4 2 2 2 3 3 3 3 3 4 4 3 1 9 20 28 24 13 12 15 53 58 25 18 19 6 1 4 4 2 3 1 3 4 4 4 4 4 4 2 1 1 2 1 0 2 3 6 5 3 3 23 61 86 128 26 35 49 51 61 65 66 57 71 66 67 60 57 52 50 33 24 21 40 9 46 40 38 35 33 33 9 28 93 42 61 31 83 42 79 51 19 100 27 32 64 80 49 51 42 95 76 91 89 92 93 104 123 138 145 144 141 124 91 41 199 0
0 65 0 4 1 2 27 47 14 6 5 4 3 2 1 1 2 2 2 3 3 4 3 2 2 36 68 71 62 39 21 18 54 54 34 24 11 2 3 3 1 2 0 1 1 2 2 2 2 2 1 0 1 1 1 1 3 4 3 4 5 5 25 56 102 134 48 37 31 28 30 23 45 53 51 23 17 18 17 14 13 8 20 31 24 14 50 41 28 32 36 33 5 24 60 53 59 49 80 67 78 65 29 75 38 12 83 90 60 57 73 147 57 35 39 49 30 30 51 26 10 8 6 4 3 11 208 0
0 64 0 4 1 1 28 48 15 4 3 2 2 0 0 0 0 0 0 0 0 0 1 2 28 77 91 77 62 57 18 32 55 51 22 17 11 4 5 2 0 1 1 1 1 0 0 0 0 0 1 1 3 2 1 1 2 3 3 2 1 2 26 48 119 132 21 19 23 27 36 41 53 61 63 61 62 69 77 82 88 68 54 23 11 16 38 27 21 27 37 28 16 19 35 46 14 20 45 53 46 42 39 55 30 30 89 70 14 19 85 142 38 75 90 95 85 66 74 32 5 2 1 5 6 16 213 0
0 64 0 4 1 1 30 49 15 3 0 1 0 0 0 0 0 0 0 0 0 0 1 9 58 85 55 26 4 48 40 29 62 93 85 54 21 7 7 1 1 1 1 2 1 0 0 0 0 0 0 3 5 4 3 0 2 4 4 3 1 2 26 47 123 138 22 45 53 57 50 46 41 37 30 31 21 18 17 6 4 42 69 32 6 11 29 17 16 18 27 21 24 12 23 62 69 64 52 53 66 59 45 38 48 66 112 138 158 158 129 101 11 54 47 25 35 59 92 98 98 93 80 65 44 32 204 0
0 65 0 4 2 2 30 50 14 3 2 1 0 0 0 0 0 0 0 0 0 0 1 32 77 65 19 18 23 33 30 57 62 56 50 34 13 7 7 1 2 2 0 2 1 0 1 0 0 1 3 4 4 3 2 2 0 1 1 3 2 3 26 47 123 136 32 55 44 54 56 56 54 47 36 41 38 53 70 68 68 51 68 19 27 46 48 37 35 44 57 64 37 18 27 77 24 9 12 27 33 43 48 56 62 74 99 119 140 147 130 98 62 82 111 118 105 68 40 14 29 71 85 101 77 68 185 0
0 65 0 3 3 4 30 50 14 3 2 1 1 0 0 0 0 0 0 0 0 0 22 65 73 37 7 3 18 9 8 10 18 47 61 39 17 10 5 1 2 1 1 2 2 3 3 2 2 3 4 2 2 0 3 3 2 5 4 0 2 6 25 48 123 139 35 58 33 25 17 9 27 15 13 24 26 21 24 26 29 26 49 18 29 38 44 47 53 63 64 60 31 31 40 80 72 63 74 47 44 23 15 5 31 27 36 21 24 8 5 14 22 28 42 47 63 71 77 78 69 71 14 69 23 10 165 0
0 65 0 1 0 2 30 50 13 3 1 1 1 0 1 0 0 0 0 0 1 15 62 82 54 20 21 61 84 75 65 41 26 49 56 24 13 8 1 1 2 0 1 2 13 35 53 59 49 31 12 1 0 1 3 1 1 19 46 67 77 69 39 37 126 141 29 51 59 68 70 69 57 48 36 38 37 42 56 54 38 28 49 33 38 46 30 17 17 24 30 47 57 39 29 58 26 35 43 32 42 39 42 1 49 42 62 53 63 47 51 43 38 42 33 63 50 63 37 31 8 93 24 82 37 37 166 0
0 65 0 2 2 3 31 50 13 3 0 1 2 2 3 3 3 2 1 1 5 50 87 64 25 16 42 105 129 128 110 44 28 41 50 19 22 8 1 1 1 0 0 29 71 92 96 94 96 89 65 23 0 1 2 3 37 78 94 89 82 91 88 59 148 142 10 9 19 27 35 37 38 45 44 44 45 48 56 50 52 47 68 73 23 56 46 47 52 68 53 60 53 14 40 54 47 45 38 17 9 21 47 3 62 24 17 26 38 36 45 35 35 26 32 54 61 71 55 56 35 74 9 71 36 54 171 0
0 65 1 3 2 2 32 51 14 3 3 3 3 3 3 3 3 2 1 1 33 84 81 30 9 1 73 126 85 65 85 66 87 28 77 100 100 66 17 1 0 0 27 75 72 23 29 48 20 33 77 69 22 3 1 34 79 62 6 54 75 48 20 37 177 142 10 10 10 10 12 13 11 6 3 0 10 8 9 9 22 20 67 97 7 43 44 44 45 57 38 37 32 26 77 70 63 59 60 45 54 43 50 7 53 44 59 44 48 31 35 28 33 13 23 18 21 18 15 25 22 52 8 47 32 59 166 0
0 65 1 4 2 1 30 51 17 1 1 1 1 1 0 1 1 3 1 11 67 93 48 10 14 90 115 89 68 87 30 31 128 62 90 111 114 106 52 0 2 13 68 66 11 81 100 97 99 70 6 74 62 6 18 72 60 27 92 98 92 101 99 48 180 141 7 2 3 3 3 2 5 8 8 7 8 11 13 13 13 10 62 102 30 27 35 36 35 39 24 21 13 55 87 54 30 17 36 30 42 23 22 7 33 36 63 61 81 64 62 54 46 46 44 67 71 66 47 41 30 51 6 34 20 23 161 0
0 64 1 4 2 1 30 51 18 1 0 0 0 0 0 0 0 2 1 44 94 72 13 8 30 139 95 31 46 78 77 77 159 86 39 28 65 119 76 3 2 44 82 9 77 69 28 13 34 75 69 24 84 34 51 80 9 85 64 21 8 29 84 64 160 139 8 2 1 0 1 1 4 34 52 57 36 9 3 1 1 2 38 97 61 12 19 21 4 31 2 14 12 70 77 24 12 11 9 6 4 5 6 5 3 1 4 7 12 14 18 29 25 40 31 45 30 50 39 54 34 76 7 63 43 71 177 0
0 63 2 3 2 1 31 52 17 1 0 0 0 0 0 0 0 2 23 84 97 39 7 15 57 174 47 81 40 42 51 96 132 56 8 18 52 121 81 3 6 74 59 60 77 18 2 1 0 26 82 44 72 61 80 53 70 74 14 3 4 1 39 57 127 136 9 2 0 0 0 1 39 117 110 112 51 5 3 1 0 2 15 86 81 9 14 19 32 30 18 12 29 80 55 4 4 3 3 4 4 4 4 4 4 5 8 10 11 11 12 11 10 9 9 9 9 8 5 13 12 94 1 84 27 43 181 0
0 63 1 3 3 3 33 53 15 3 0 0 0 0 0 0 1 5 61 105 71 14 9 11 93 155 37 65 49 37 45 91 74 11 7 14 50 121 76 2 24 89 12 91 39 2 3 5 3 3 48 85 33 68 83 10 96 35 1 5 3 1 27 54 116 135 8 3 2 4 17 48 116 139 70 109 61 18 1 1 1 2 2 74 90 9 17 21 28 19 20 12 34 81 43 0 2 0 0 0 1 1 0 0 1 1 1 1 1 1 0 1 1 1 2 4 6 8 8 9 15 96 5 95 14 6 177 0
0 63 2 1 3 3 34 54 13 3 0 0 0 0 0 0 1 36 98 97 35 19 5 11 117 134 20 36 60 49 69 106 44 26 10 8 43 120 80 5 44 86 34 86 11 0 2 1 3 0 18 90 10 54 60 36 90 10 1 5 0 1 27 54 116 135 7 20 36 87 131 160 122 36 78 87 53 41 3 2 2 3 7 75 83 3 27 24 23 21 28 26 36 79 35 1 2 1 0 0 0 0 1 1 2 2 2 2 2 2 1 1 1 1 1 2 3 4 4 6 15 92 9 92 12 9 175 0
0 63 2 1 2 5 34 54 13 4 1 0 0 0 0 2 7 76 112 67 12 26 3 9 125 120 26 23 47 42 91 112 32 35 12 7 28 104 103 27 60 74 59 72 3 1 1 0 2 1 7 86 52 44 46 67 81 4 2 4 0 0 27 53 116 135 9 66 84 101 64 23 56 99 90 25 63 88 10 4 5 9 54 107 69 30 27 28 21 16 22 25 42 73 24 2 1 2 2 2 0 1 1 1 1 1 1 1 1 0 1 1 2 1 1 0 1 1 1 5 15 90 11 88 6 5 171 0
0 65 1 1 0 5 35 54 12 4 2 2 0 0 0 2 36 112 98 35 9 33 7 12 111 113 22 48 72 52 92 113 17 43 16 17 10 78 112 61 73 65 71 61 4 1 1 0 1 12 51 97 73 43 47 82 99 55 14 3 0 0 36 56 124 136 10 78 63 35 97 132 108 95 25 99 48 113 22 23 38 86 147 144 81 61 25 23 13 14 13 8 47 63 12 1 0 1 2 3 0 1 1 1 2 2 2 2 2 0 0 0 0 1 2 1 0 1 0 4 17 89 14 86 3 3 170 0
0 65 2 0 1 5 36 56 13 5 4 4 2 2 1 15 83 126 68 17 13 37 8 2 97 105 27 44 25 25 86 101 16 44 22 24 6 44 101 87 90 62 73 60 4 0 0 1 6 56 86 83 22 27 28 26 82 87 59 12 2 8 73 63 155 138 9 83 73 63 71 49 46 38 31 115 16 85 111 150 170 181 161 98 85 84 19 21 24 26 22 16 56 46 2 1 1 1 1 3 1 1 2 1 2 1 0 1 2 1 0 0 0 0 2 2 0 0 0 3 18 88 16 86 2 4 170 0
0 65 2 1 1 5 39 58 12 4 2 3 4 4 3 45 116 102 29 6 25 38 5 7 92 94 24 35 30 39 85 93 36 41 20 24 16 25 86 99 99 68 66 68 3 0 0 1 38 86 43 31 55 63 64 55 32 39 86 44 3 41 104 53 179 137 4 66 72 54 62 13 16 17 12 92 50 77 159 178 158 119 67 21 95 99 25 3 10 8 9 31 67 32 2 1 1 0 1 3 1 2 2 1 0 1 2 1 1 1 1 2 1 2 2 2 0 0 0 3 19 88 19 85 1 3 170 0
0 64 3 0 1 5 40 59 10 4 0 1 1 1 11 85 124 58 3 5 49 38 23 3 74 94 18 28 22 24 63 94 41 37 15 19 26 13 81 103 90 80 44 84 5 2 2 10 75 66 26 51 37 64 67 35 50 32 63 81 19 77 90 11 180 135 0 64 96 51 76 57 77 65 36 80 91 74 75 40 11 3 8 22 74 108 52 14 15 4 8 36 73 26 3 1 1 0 0 2 2 2 1 0 0 1 1 0 0 1 1 2 2 2 3 3 1 1 1 3 19 86 21 83 0 3 170 0
0 64 2 0 0 4 40 58 9 5 0 0 0 3 30 117 106 24 4 1 66 30 34 6 56 97 49 44 49 39 40 101 34 36 8 11 26 7 87 106 64 90 8 96 28 4 3 33 91 12 50 54 22 78 79 18 55 52 9 96 40 93 38 42 153 133 0 53 90 56 39 78 83 98 59 93 93 67 64 53 37 14 5 14 55 106 87 16 22 11 20 45 88 76 11 1 2 0 0 1 1 1 1 0 0 1 2 1 1 1 2 1 1 2 3 3 3 4 4 6 21 83 23 79 0 1 170 0
0 65 2 0 0 2 40 58 9 5 0 0 0 3 31 120 95 7 7 6 77 26 42 7 25 83 69 32 23 21 48 105 21 41 7 5 20 14 88 108 38 82 48 78 67 5 0 60 80 39 15 55 62 76 75 61 50 15 39 81 41 81 11 29 129 134 2 33 73 74 59 93 61 87 65 98 77 32 45 47 45 28 4 9 39 87 98 51 10 16 30 80 111 152 76 17 5 2 1 0 0 0 0 0 1 1 2 0 0 0 1 0 0 1 2 2 2 3 3 6 23 80 27 75 0 2 169 0
0 65 1 1 0 2 40 59 9 5 1 2 0 2 28 101 116 60 14 5 72 29 38 10 17 71 74 19 17 17 67 95 22 42 6 6 13 14 74 110 33 55 82 18 89 56 15 80 62 53 34 9 88 49 47 87 13 36 53 60 31 66 41 30 149 138 4 4 12 12 28 94 80 57 39 75 49 35 50 41 48 40 15 6 30 68 85 73 60 30 38 109 84 166 163 98 30 5 4 1 1 0 0 0 1 0 1 1 0 1 0 0 0 0 2 2 1 1 1 6 25 76 30 72 1 2 168 0
0 65 2 1 0 3 40 60 9 4 1 3 1 0 7 56 111 114 73 20 62 31 29 10 18 64 73 5 10 11 97 77 36 42 3 8 7 11 52 108 49 22 80 55 41 95 84 87 69 54 13 61 80 18 16 75 68 13 49 70 44 70 46 41 170 138 4 0 1 3 12 63 63 20 6 46 25 35 56 43 51 49 22 11 18 53 62 62 72 81 82 108 66 88 161 170 104 22 4 2 1 0 0 1 1 1 1 1 0 1 0 0 0 0 2 2 1 0 1 5 29 73 32 70 2 3 167 0
0 66 2 2 1 3 41 60 11 4 2 4 1 0 0 7 56 106 121 75 55 32 30 10 21 54 79 36 12 22 95 67 35 41 7 6 5 10 28 97 71 9 43 88 54 20 79 86 47 42 70 84 41 1 1 36 85 82 55 29 38 28 37 44 165 135 5 2 1 1 4 38 51 37 20 41 5 18 46 45 57 51 22 16 3 33 48 37 39 63 79 80 50 5 70 159 169 85 12 2 2 1 1 1 0 1 0 2 2 2 2 2 2 1 1 1 0 0 1 4 30 68 34 67 3 4 166 0
0 67 3 3 3 4 40 59 11 3 2 4 1 0 0 0 6 44 111 118 51 31 37 9 24 26 85 52 7 32 96 55 33 39 11 0 11 14 0 79 91 21 6 52 89 91 68 56 45 96 90 48 7 1 2 5 39 87 105 57 27 50 81 56 134 131 5 2 2 2 2 17 36 48 55 74 17 32 33 43 61 49 21 23 10 13 35 34 21 28 24 24 24 18 4 84 175 153 50 1 1 1 2 2 2 2 1 1 1 1 1 1 1 1 1 1 1 0 1 3 31 65 36 64 4 5 165 0
0 67 2 1 1 3 41 58 11 3 2 4 2 0 0 1 2 2 65 127 31 20 32 7 25 5 72 68 13 45 91 36 31 33 10 5 40 40 47 42 98 41 1 7 36 71 97 101 54 98 47 7 2 3 2 1 1 35 106 48 49 44 74 7 101 129 7 4 2 1 0 5 15 31 53 97 47 36 24 45 65 44 19 25 17 3 22 32 19 21 9 15 22 14 12 14 118 187 106 8 0 1 2 3 3 4 3 1 1 1 1 1 0 0 1 2 2 1 0 4 31 62 39 60 6 6 164 0
0 66 2 3 1 2 41 58 10 3 2 4 2 0 0 1 1 1 24 110 68 6 20 9 21 9 55 77 75 75 76 17 29 27 9 8 56 47 69 18 90 63 6 0 2 6 20 86 37 87 48 1 2 1 1 0 2 40 98 23 34 44 57 28 80 128 73 66 59 53 48 41 34 34 31 60 31 26 22 50 66 35 15 28 25 4 12 25 14 14 8 13 19 12 9 8 51 180 157 28 1 3 4 3 2 2 3 3 3 0 1 1 2 2 2 3 3 3 2 4 32 58 39 55 7 5 164 0
0 64 1 2 2 0 42 58 9 4 2 4 2 0 0 1 1 0 4 90 102 11 7 15 15 8 27 62 83 75 50 5 25 19 9 8 64 58 46 44 68 78 16 0 1 2 1 70 73 61 74 6 2 1 1 0 4 69 76 65 45 80 23 35 71 111 76 78 81 82 80 76 76 81 91 71 37 5 20 57 66 26 10 26 30 9 6 16 15 9 11 15 15 10 8 6 12 142 189 63 2 4 4 2 1 0 0 3 3 1 2 2 2 1 2 2 3 3 1 4 33 54 40 50 7 3 163 0
0 64 0 1 3 0 42 59 9 4 2 4 2 0 0 0 0 0 0 78 109 17 3 21 8 6 9 3 9 13 7 14 21 15 8 7 56 97 32 82 40 80 30 1 1 1 1 46 92 13 92 36 2 1 1 0 29 92 28 91 48 93 35 28 68 78 7 13 20 26 29 30 32 38 52 52 53 21 25 66 61 17 8 22 32 14 2 7 13 10 10 15 9 9 7 5 5 96 186 108 41 37 35 31 27 23 19 17 14 9 8 7 7 6 5 3 3 3 1 4 34 52 42 48 6 3 163 0
0 65 0 2 2 0 41 58 11 4 2 4 2 0 0 0 0 0 1 69 108 27 9 21 5 3 12 7 6 8 1 14 18 14 8 7 41 126 22 104 14 76 49 4 0 0 1 19 87 51 66 82 29 3 2 24 77 76 38 90 27 76 86 17 93 79 5 4 5 5 10 8 5 4 29 15 54 31 34 73 48 10 8 19 31 18 2 1 5 15 3 19 11 7 6 3 6 50 155 129 76 71 76 77 76 72 70 68 63 55 52 53 55 52 46 39 34 31 30 26 39 48 47 47 8 6 163 0
0 66 0 3 1 1 41 57 12 4 1 4 2 0 0 0 1 0 2 56 107 47 17 17 7 2 9 5 3 7 5 11 16 13 10 4 29 126 72 94 21 69 67 12 1 0 0 2 56 87 10 79 92 66 64 90 86 10 84 64 6 40 102 69 94 83 5 4 4 3 9 5 2 1 32 25 58 40 56 73 29 9 11 18 27 22 6 1 1 13 5 16 17 6 4 2 3 21 113 113 40 39 43 46 44 40 42 49 56 57 57 63 68 73 72 70 69 68 69 68 57 46 49 57 61 54 153 0
0 66 0 3 1 1 39 55 12 2 1 4 2 0 0 0 0 0 2 34 100 77 27 10 8 3 7 5 3 6 7 8 13 12 12 1 4 81 77 78 24 58 79 28 2 0 0 1 20 76 77 10 65 103 105 75 2 77 85 27 1 10 74 89 73 84 5 3 2 1 6 4 2 0 30 27 63 28 79 61 13 7 12 17 22 24 10 15 10 3 11 6 19 14 6 0 3 11 87 104 27 7 13 17 17 11 7 2 9 16 14 23 20 25 32 38 43 47 47 48 32 23 31 46 61 58 138 0
0 66 1 4 1 2 40 54 12 1 1 3 3 2 1 0 0 0 1 13 82 101 46 5 9 4 7 6 2 2 4 4 9 10 13 4 5 4 15 19 16 42 80 47 1 0 0 0 2 30 77 92 69 37 35 65 92 87 38 2 2 4 35 87 39 84 5 1 1 1 4 3 1 1 29 26 46 45 81 36 3 5 12 18 18 23 14 67 49 55 12 4 11 19 11 1 5 12 79 104 35 12 17 14 8 3 2 3 3 6 5 16 8 3 2 6 8 10 11 15 10 1 2 3 5 8 116 0
0 68 3 5 1 2 39 53 12 1 1 2 3 4 3 1 0 0 1 0 61 116 63 7 11 3 6 7 3 2 3 2 7 9 11 7 1 2 1 14 23 36 79 53 2 0 0 0 0 1 22 61 90 107 109 95 67 31 4 0 1 2 24 85 27 83 5 2 2 2 2 3 1 0 24 32 39 54 55 8 2 6 13 18 16 18 7 95 50 99 4 7 0 19 17 16 17 15 73 101 41 9 2 4 3 4 1 3 4 0 6 10 5 5 2 0 0 1 5 14 17 11 1 5 5 4 116 0
0 69 1 6 0 2 39 53 13 1 0 0 1 2 3 3 3 2 4 4 46 123 75 10 12 0 4 8 8 5 2 3 4 9 10 9 3 3 2 10 26 37 84 59 8 0 0 0 0 0 0 7 18 27 27 19 9 3 2 0 1 3 23 85 27 84 4 2 1 1 0 2 1 0 17 39 37 22 6 6 1 7 13 18 15 16 9 113 23 124 31 6 5 12 20 31 37 32 62 102 40 10 3 5 2 3 4 3 2 7 9 5 1 4 5 3 0 0 1 6 13 16 9 3 6 3 119 0
0 69 0 6 1 2 41 55 12 3 0 0 0 1 2 3 3 3 4 5 40 128 79 11 12 3 3 9 13 8 4 5 3 9 9 9 5 3 2 6 22 41 94 64 7 1 0 0 0 0 1 0 2 3 2 1 1 2 1 1 2 4 22 85 27 86 5 4 1 2 0 2 1 2 6 41 59 14 10 3 3 8 12 16 14 14 4 95 39 104 61 6 7 3 17 32 38 33 40 104 42 7 4 3 3 4 4 3 1 10 13 4 3 1 3 4 2 0 0 0 4 14 15 9 3 4 120 0
0 69 0 5 1 0 43 57 9 3 0 0 0 0 0 1 2 2 2 5 37 130 78 11 8 7 3 8 16 10 1 6 3 10 8 7 7 1 2 2 14 33 95 78 7 3 0 0 0 0 1 0 1 0 0 0 1 1 1 1 0 4 22 84 30 88 6 5 4 2 1 1 1 2 1 31 70 24 16 3 5 7 10 13 14 14 4 61 73 78 59 1 6 7 9 29 49 29 10 105 53 4 4 1 4 5 1 2 3 9 16 2 5 2 1 3 3 2 0 1 1 7 13 16 11 2 120 0
0 68 1 4 2 2 45 59 6 4 0 0 0 0 0 0 1 1 0 4 41 131 74 11 7 11 3 11 17 9 1 8 3 9 7 4 9 3 3 3 8 23 81 90 23 4 0 0 0 1 2 2 2 1 1 1 0 0 0 0 0 4 21 83 32 88 4 3 4 4 4 3 4 4 3 22 75 36 17 5 4 4 9 11 15 13 9 13 54 49 48 3 3 4 3 21 46 19 11 103 66 3 4 3 3 2 3 1 2 7 16 4 4 2 1 1 3 4 2 1 2 5 4 10 14 6 119 0
0 68 0 3 0 4 46 61 5 5 0 0 0 0 0 0 0 0 0 4 46 132 69 11 9 13 1 14 16 8 2 8 2 8 7 0 10 6 2 3 3 16 65 97 40 4 1 0 1 1 1 1 1 1 1 1 1 1 1 0 0 4 21 82 33 86 4 2 3 4 4 3 3 3 4 16 75 48 13 6 0 2 7 11 16 12 4 20 11 6 6 7 6 6 5 10 39 18 18 94 79 8 4 2 3 2 3 4 1 8 14 3 1 1 3 2 0 2 2 2 4 7 6 4 9 9 114 0
0 68 0 3 0 4 45 61 6 5 0 0 0 0 0 0 0 0 0 4 53 132 62 12 13 12 7 16 15 5 4 8 1 8 10 2 8 8 2 3 2 10 45 98 61 3 1 1 0 0 0 0 0 1 1 2 2 2 1 1 0 4 21 82 33 87 4 2 3 4 5 2 3 2 4 13 75 57 9 10 3 0 6 14 15 12 23 54 69 53 13 3 6 7 7 4 14 13 14 86 85 14 4 1 2 4 2 3 3 12 15 2 1 2 3 4 2 1 1 1 5 7 7 7 2 7 110 0
0 68 0 3 0 4 45 61 6 5 0 0 0 0 0 0 0 0 0 4 59 133 57 13 15 9 10 16 13 3 5 5 1 8 12 3 6 11 2 3 2 6 33 99 74 4 0 0 1 1 1 0 0 1 1 1 1 0 0 1 1 4 21 82 34 88 4 3 3 3 5 5 5 3 3 13 77 61 8 11 7 6 6 15 13 10 20 69 62 85 26 0 2 3 6 7 3 12 17 78 91 23 4 3 2 1 3 0 3 15 16 0 0 0 2 3 2 2 3 6 7 6 6 6 6 0 109 0
0 67 1 3 0 3 44 60 6 5 0 0 0 0 0 0 0 0 0 4 63 133 53 15 15 9 12 18 10 2 4 2 0 8 13 4 3 14 0 4 2 3 23 99 82 4 0 0 1 1 1 1 0 1 2 1 1 1 0 2 1 5 22 83 36 89 3 1 1 1 3 3 4 3 2 14 82 62 9 8 8 6 6 15 10 9 24 85 35 89 24 50 48 22 4 9 6 6 17 72 98 35 5 4 4 4 3 12 14 2 14 16 8 1 3 3 1 1 6 11 12 9 6 6 5 7 113 0
0 67 1 3 0 3 45 60 5 5 1 1 0 0 0 0 1 1 1 5 64 132 52 15 16 7 15 17 4 5 3 1 0 7 14 4 1 16 3 4 4 7 26 107 83 5 1 0 1 1 1 1 0 0 0 1 1 1 1 2 1 5 22 83 37 91 4 2 1 0 1 1 1 1 2 15 86 64 9 7 7 5 7 11 8 7 6 79 21 75 33 58 62 47 33 37 33 20 8 52 107 56 3 7 10 11 12 16 18 13 7 21 20 12 4 1 4 3 9 10 7 6 6 8 5 10 118 0
0 67 1 2 2 3 45 60 5 5 1 1 0 0 0 1 2 3 3 5 61 129 53 17 16 4 18 14 4 5 4 0 0 6 15 3 4 15 6 5 5 13 33 117 76 2 2 1 0 0 1 1 1 1 1 0 1 1 2 1 1 4 23 82 39 92 5 3 2 2 2 2 0 1 2 15 86 68 6 10 6 5 5 7 7 6 9 69 10 57 44 27 45 29 39 48 57 67 53 15 106 76 9 9 10 12 12 9 5 22 12 8 17 23 20 13 4 7 11 6 5 3 3 5 2 9 118 0
0 66 2 1 0 4 47 62 3 5 1 2 2 2 1 1 2 1 1 3 57 126 55 17 15 1 17 10 7 5 6 1 1 5 16 1 6 13 8 5 6 17 45 125 64 5 6 5 4 5 5 6 7 8 9 10 9 8 8 9 11 11 27 84 39 93 4 2 2 2 2 3 3 3 3 14 86 74 3 12 6 5 1 4 7 4 10 70 14 55 25 36 24 28 22 14 42 45 63 21 91 90 22 6 6 3 3 5 10 19 9 3 1 8 18 22 17 13 13 5 1 4 4 2 3 6 117 0
0 73 19 18 15 15 46 63 14 16 16 16 17 19 20 20 18 17 16 16 51 118 55 15 14 0 15 6 4 6 4 2 3 3 16 3 8 10 10 3 7 19 48 114 54 48 48 47 45 45 45 47 46 47 48 49 49 47 47 47 48 48 54 103 32 93 5 2 2 1 1 2 3 3 3 13 85 80 2 13 7 4 3 6 7 0 10 65 16 42 17 23 16 29 0 25 38 14 76 41 70 94 34 7 4 3 6 5 11 16 5 0 3 5 1 13 16 13 10 5 6 4 3 3 1 3 117 0
0 129 109 110 109 111 94 80 53 56 61 60 60 60 60 59 58 56 55 55 57 100 50 13 14 1 14 2 1 7 3 2 5 1 16 5 9 8 14 1 10 21 50 100 42 37 35 35 33 31 29 28 28 27 25 23 23 22 21 21 20 21 37 110 23 93 6 3 3 2 1 0 1 1 3 11 86 84 4 12 5 3 5 7 6 2 9 46 26 21 29 9 11 37 19 32 52 25 73 23 48 90 44 7 3 1 2 3 12 15 5 4 3 3 2 1 8 6 5 2 2 1 1 1 2 2 118 0
0 145 83 86 89 92 79 59 36 29 29 29 28 26 24 22 23 23 24 24 30 81 47 11 14 2 15 1 1 6 6 4 7 1 15 8 10 4 16 1 12 21 49 86 22 10 12 12 11 10 11 12 13 15 17 18 18 18 18 18 18 16 35 116 18 94 6 4 4 4 1 0 0 2 3 10 85 89 8 13 2 2 4 6 5 3 5 29 27 42 31 46 44 19 27 19 40 30 53 15 47 71 44 8 2 3 2 0 13 15 5 3 3 1 1 2 3 2 2 3 4 2 1 2 2 1 118 0
0 148 46 45 44 43 36 30 28 32 35 33 31 31 32 32 31 30 29 29 34 79 54 11 13 4 14 2 4 4 6 6 9 3 15 10 11 1 17 4 11 20 58 93 27 17 17 17 16 14 13 13 15 16 17 17 17 16 15 15 15 15 33 106 27 94 5 2 3 4 3 2 0 3 1 8 81 96 14 14 1 2 4 6 6 4 1 13 3 31 31 47 45 31 21 19 19 19 15 21 41 53 45 11 2 1 1 1 16 15 1 1 1 2 0 2 4 3 3 2 3 3 2 1 1 1 118 0
0 134 48 48 49 50 45 38 30 27 27 27 27 26 25 24 23 23 24 23 29 86 68 10 11 5 11 3 3 1 3 6 10 5 14 13 10 2 16 7 8 19 65 98 26 19 19 19 19 18 18 18 18 18 18 18 18 17 16 18 20 21 36 98 35 95 5 0 1 3 5 3 1 3 1 4 72 103 22 13 2 4 5 8 9 3 8 21 7 19 10 22 14 36 36 39 28 6 39 40 23 29 44 21 3 2 1 1 18 15 1 1 1 3 2 3 3 2 4 3 1 3 3 3 4 3 120 0
0 114 19 19 19 18 18 21 18 19 19 19 19 18 17 18 19 18 18 17 22 92 82 6 9 4 8 2 2 5 4 4 11 7 14 14 9 5 15 10 4 15 78 107 29 24 25 26 27 29 30 30 28 26 25 23 24 26 28 29 28 28 39 86 48 96 5 1 0 1 3 4 1 3 1 1 61 107 30 11 4 8 6 8 11 4 13 18 16 14 3 26 18 8 19 33 36 45 53 32 18 17 39 32 2 3 3 2 17 15 2 1 1 1 3 7 3 5 4 1 0 1 3 5 6 5 123 0
0 106 21 22 22 22 24 26 25 25 24 24 24 25 25 25 25 26 26 26 27 99 95 4 13 4 10 8 10 8 5 1 13 8 14 14 7 7 13 14 2 11 87 111 29 25 26 27 29 30 30 30 29 28 27 26 26 28 30 29 27 26 35 75 59 98 5 2 2 1 2 3 1 2 0 2 51 109 40 9 6 9 7 6 10 3 13 12 19 8 9 18 25 8 1 5 13 80 71 28 18 6 34 40 8 2 3 6 20 14 3 1 0 0 1 6 7 10 6 4 2 5 3 6 6 17 129 0
0 99 10 9 9 11 15 17 14 12 11 12 13 15 15 13 13 14 15 16 17 104 106 10 15 5 11 10 9 7 10 7 12 8 14 15 3 9 9 16 1 8 96 110 15 6 8 7 7 6 5 5 5 6 6 7 8 7 4 4 5 6 25 65 66 100 5 4 4 3 2 3 3 2 1 3 40 108 54 5 4 7 6 2 11 3 13 1 19 4 11 9 26 15 4 3 11 89 77 30 19 0 22 44 18 1 1 8 23 13 6 2 1 1 0 2 4 7 5 9 3 10 5 3 23 56 123 0
0 97 4 0 0 1 5 7 6 2 0 0 0 1 1 1 1 2 3 3 10 105 113 14 17 5 13 12 6 3 8 11 6 4 7 15 2 10 5 18 5 11 100 102 11 2 3 1 1 1 2 1 1 1 1 0 2 3 2 1 0 3 23 63 69 101 4 4 5 7 5 2 2 2 1 2 27 104 72 1 2 5 4 2 11 6 11 9 15 11 7 1 19 21 5 3 9 90 85 31 29 4 18 42 24 2 2 9 20 12 3 2 2 1 1 2 5 3 7 10 2 12 9 40 69 72 98 0
0 97 4 0 0 1 4 7 6 2 1 0 1 1 1 1 1 1 2 3 7 99 118 20 20 4 16 12 6 3 2 4 5 2 4 14 6 11 1 20 9 15 101 94 8 1 3 1 1 0 1 0 1 0 1 1 2 3 4 3 2 2 22 63 70 103 4 3 3 5 6 2 2 2 2 2 15 98 89 5 7 2 3 6 12 10 11 15 10 17 4 4 10 22 11 3 4 85 93 26 30 4 9 42 32 1 1 7 17 22 18 9 1 3 2 3 5 1 7 8 3 6 39 72 67 34 66 0
0 98 5 1 0 2 5 7 6 1 0 0 0 0 0 0 0 0 1 0 4 83 126 35 25 2 22 9 3 5 6 5 13 4 4 13 8 12 4 21 13 15 99 95 10 0 3 1 0 0 0 0 0 0 1 2 1 1 0 1 3 2 21 62 70 104 4 0 1 2 6 6 6 4 3 1 7 91 100 11 11 1 2 7 10 15 9 21 3 21 0 6 5 17 15 4 5 81 94 23 33 7 17 38 27 2 2 0 3 11 19 20 11 2 1 2 3 2 6 5 5 4 50 68 23 3 60 0
0 98 5 2 0 2 5 7 5 1 0 0 0 0 0 0 0 0 0 0 3 65 131 51 28 9 25 5 2 6 6 2 14 5 3 12 9 13 7 21 16 11 90 104 21 0 2 1 0 0 0 0 0 0 2 4 3 3 4 3 2 2 20 62 70 104 3 3 3 3 4 4 3 4 2 1 5 85 104 17 12 1 1 6 7 16 2 19 6 18 6 6 7 10 15 6 10 77 89 15 34 17 37 39 19 3 1 2 4 3 5 18 20 13 2 1 2 1 3 6 7 11 65 69 10 4 64 0
0 99 5 1 0 3 4 6 4 1 0 0 0 0 0 0 0 0 0 0 4 46 130 61 23 17 22 1 4 8 5 3 15 6 4 10 8 12 10 19 21 1 74 111 32 0 2 1 0 0 0 0 0 0 2 4 1 0 1 1 0 3 19 62 70 105 4 4 4 3 1 1 3 4 2 0 4 79 108 23 12 3 4 4 4 15 4 16 13 13 12 2 5 4 10 8 9 74 83 4 30 23 42 21 3 2 2 1 0 4 3 6 18 21 8 2 3 2 2 5 5 6 56 75 15 4 65 0
0 99 6 2 2 2 4 6 4 1 0 0 0 0 0 0 0 0 0 0 4 36 128 66 14 22 15 2 7 7 2 5 15 11 9 9 6 9 13 14 26 2 59 112 43 1 2 1 0 0 0 0 0 0 2 4 2 0 0 0 0 4 19 62 70 106 2 0 1 4 3 2 3 4 1 0 1 70 113 31 13 5 5 3 1 12 7 10 17 3 19 3 2 0 5 8 7 70 78 9 19 22 33 5 3 3 2 3 2 3 3 2 9 22 14 3 1 3 4 2 0 3 45 78 26 5 66 0
0 99 7 1 1 1 3 6 4 1 0 0 0 0 0 1 0 1 0 0 4 31 122 71 2 22 8 4 8 4 2 8 17 12 6 2 3 6 15 9 29 8 48 110 54 2 1 2 1 1 1 1 0 0 1 4 3 0 0 0 0 4 19 63 69 105 7 6 4 3 5 2 2 3 2 0 1 65 118 39 11 4 4 4 4 9 11 7 18 6 21 10 3 5 3 5 4 66 78 19 19 21 17 1 3 9 15 17 14 9 4 2 4 18 20 3 3 3 4 1 0 3 32 79 40 5 65 0
0 99 7 0 0 0 4 6 3 1 0 0 0 0 0 1 0 0 1 1 4 27 112 80 14 19 5 7 7 0 4 9 18 11 3 3 2 2 15 3 27 11 39 108 66 1 1 1 1 2 1 2 0 0 0 4 3 1 0 0 0 5 20 64 67 103 5 4 4 4 4 3 2 3 1 0 2 67 120 41 12 7 1 5 8 4 14 3 18 14 20 18 2 1 8 6 7 61 81 28 15 12 6 1 12 20 25 27 27 22 14 2 3 11 23 10 3 3 5 2 1 3 22 77 50 4 64 0
0 100 6 0 0 1 5 6 2 1 1 0 0 0 0 1 1 0 1 1 4 20 100 93 27 15 4 8 6 2 6 9 16 6 7 5 4 0 13 3 26 16 27 98 84 13 1 1 2 4 2 2 1 0 0 3 4 2 0 0 0 6 20 64 67 102 5 1 1 1 3 4 3 2 1 1 2 77 119 35 12 10 1 8 9 0 17 1 16 19 15 22 4 3 10 8 11 60 85 29 11 4 4 7 23 23 13 7 13 23 27 13 2 4 21 15 1 2 6 3 2 4 15 76 57 3 63 0
0 100 5 0 0 1 6 4 1 3 3 2 0 0 0 0 1 1 2 2 4 19 96 100 33 9 1 7 5 5 6 8 13 5 7 3 4 1 13 6 24 22 14 78 101 35 1 0 0 4 3 2 1 0 0 1 3 3 2 2 2 5 21 60 83 115 38 34 30 26 22 20 17 14 11 10 6 90 120 24 12 11 0 10 11 4 21 2 14 20 5 24 5 2 7 10 10 60 87 29 10 4 2 18 26 13 1 3 1 10 27 23 7 0 16 19 3 3 6 4 1 4 11 75 62 2 63 0
0 101 5 1 0 1 5 4 1 0 1 2 1 0 0 0 1 1 1 1 3 34 108 96 23 2 4 4 5 6 7 6 9 4 6 5 3 1 13 10 21 30 6 46 106 61 2 0 0 3 3 1 0 0 0 0 1 3 4 5 4 2 23 54 94 118 28 29 34 37 40 41 41 38 35 33 31 104 130 24 11 10 2 10 10 8 22 5 10 17 6 18 12 1 9 16 2 60 85 27 8 9 2 26 21 0 3 0 3 1 19 27 9 0 15 22 6 4 4 3 2 4 9 75 65 1 63 0
0 101 5 1 1 1 3 4 2 1 2 1 0 0 1 1 2 2 3 3 1 59 118 72 6 4 6 3 1 3 6 4 6 5 3 3 1 3 12 14 16 35 9 18 95 85 14 0 0 1 2 1 0 0 0 1 0 1 1 2 2 0 24 53 94 118 41 34 28 21 15 10 5 3 6 7 8 103 132 27 10 9 3 11 7 12 18 7 8 9 14 6 16 13 5 17 9 62 82 24 9 10 14 32 16 7 3 1 0 2 12 30 14 4 15 25 9 3 1 2 3 3 9 75 64 1 64 0
0 102 6 5 5 6 5 5 3 2 1 0 0 1 1 1 2 3 4 3 15 91 119 46 8 7 13 11 9 9 7 2 8 13 12 9 8 7 9 17 13 38 21 10 74 104 35 1 2 3 4 3 3 2 2 1 2 3 4 4 4 6 26 60 73 108 43 41 42 43 44 44 41 37 34 31 29 98 129 30 9 10 5 13 3 15 10 11 10 3 12 6 11 20 21 3 20 70 76 21 20 26 40 49 41 39 41 41 39 38 39 48 35 22 21 31 17 15 13 10 8 7 12 77 63 3 65 0
0 98 74 74 75 75 76 77 79 80 80 80 80 80 80 80 79 79 78 79 76 121 141 147 158 158 157 158 161 163 163 160 157 154 153 154 155 154 156 160 159 154 146 142 127 130 87 79 80 79 78 79 79 78 77 77 77 77 77 77 77 76 73 81 84 118 113 113 114 116 117 117 118 119 118 117 115 117 114 45 33 37 38 37 36 38 37 36 34 36 41 45 45 38 33 35 43 85 93 91 93 89 89 97 106 108 103 99 95 92 86 78 66 58 65 77 81 83 82 85 88 92 93 103 83 53 67 0
0 72 90 92 92 92 92 94 95 96 96 96 95 95 96 96 97 97 97 95 104 153 195 224 229 230 234 237 236 230 225 224 227 227 225 223 223 222 223 228 231 223 208 202 186 158 115 90 91 91 92 91 90 89 90 90 91 91 92 92 92 92 84 67 66 89 112 116 119 120 120 120 120 121 122 124 125 104 78 25 14 18 20 18 15 18 18 20 17 17 19 21 27 30 26 20 21 61 87 107 120 134 148 158 164 169 170 171 172 172 167 153 138 127 127 135 142 145 142 141 140 141 136 115 85 59 48 0
0 0 0 0 0 0 0 0 0 0 0 0 0 0 0 0 0 0 0 0 0 0 0 0 0 0 0 0 0 0 0 0 0 0 0 0 0 0 0 0 0 0 0 0 0 0 0 0 0 0 0 0 0 0 0 0 0 0 0 0 0 0 0 0 0 0 0 0 0 0 0 0 0 0 0 0 0 0 0 0 0 0 0 0 0 0 0 0 0 0 0 0 0 0 0 0 0 0 0 0 0 0 0 0 0 0 0 0 0 0 0 0 0 0 0 0 0 0 0 0 0 0 0 0 0 0 0 0
