int x[ROWS][COLS] = {
    {255, 255, 255, 255, 255, 255, 255, 255, 255, 255, 255, 255, 255, 255, 255, 255, 255, 255, 255, 255, 255, 255, 255, 255, 255, 255, 255, 255, 255, 255, 255, 255, 255, 255, 255, 255, 255, 255, 255, 255, 255, 255, 255, 255, 255, 255, 255, 255, 255, 255, 255, 255, 255, 255, 255, 255, 255, 255, 255, 255, 255, 255, 255, 255, 255, 255, 255, 255, 255, 255, 255, 255, 255, 255, 255, 255, 255, 255, 255, 255, 255, 255, 255, 255, 255, 255, 255, 255, 255, 255, 255, 255, 255, 255, 255, 255, 255, 255, 255, 255, 255, 255, 255, 255, 255, 255, 255, 255, 255, 255, 255, 255, 255, 255, 255, 255, 255, 255, 255, 255, 255, 255, 255, 255, 255, 255, 255, 255},
    {255, 255, 255, 255, 255, 255, 255, 255, 255, 255, 255, 255, 255, 255, 255, 255, 255, 255, 255, 255, 255, 255, 255, 255, 255, 255, 255, 255, 255, 255, 255, 255, 255, 255, 255, 255, 255, 255, 255, 255, 255, 255, 255, 255, 255, 255, 255, 255, 255, 255, 255, 255, 255, 255, 255, 255, 255, 255, 255, 255, 255, 255, 255, 255, 255, 255, 255, 255, 255, 255, 255, 255, 255, 255, 255, 255, 255, 255, 255, 255, 255, 255, 255, 255, 255, 255, 255, 255, 255, 255, 255, 255, 255, 255, 255, 255, 255, 255, 255, 255, 255, 255, 255, 255, 255, 255, 255, 255, 255, 255, 255, 255, 255, 255, 255, 255, 255, 255, 255, 255, 255, 255, 255, 255, 255, 255, 255, 255},
    {255, 255, 255, 255, 255, 255, 255, 255, 255, 255, 255, 255, 255, 255, 255, 255, 255, 255, 255, 255, 255, 255, 255, 255, 255, 255, 255, 255, 255, 255, 255, 255, 255, 255, 255, 255, 255, 255, 255, 255, 255, 255, 255, 255, 255, 255, 255, 255, 255, 255, 255, 255, 255, 255, 255, 255, 255, 255, 255, 255, 255, 255, 255, 255, 255, 255, 255, 255, 255, 255, 255, 255, 255, 255, 255, 255, 255, 255, 255, 255, 255, 255, 255, 255, 255, 255, 255, 255, 255, 255, 255, 255, 255, 255, 255, 255, 255, 255, 255, 255, 255, 255, 255, 255, 255, 255, 255, 255, 255, 255, 255, 255, 255, 255, 255, 255, 255, 255, 255, 255, 255, 255, 255, 255, 255, 255, 255, 255},
    {255, 255, 255, 255, 255, 255, 255, 255, 255, 254, 254, 254, 254, 254, 254, 254, 254, 255, 255, 255, 255, 255, 255, 255, 255, 255, 255, 255, 255, 255, 255, 255, 255, 255, 255, 255, 255, 255, 255, 255, 255, 255, 255, 255, 255, 255, 255, 255, 255, 255, 255, 255, 255, 255, 255, 255, 255, 255, 255, 255, 255, 255, 255, 255, 255, 255, 255, 255, 255, 255, 255, 255, 255, 255, 255, 255, 255, 255, 255, 255, 255, 255, 255, 255, 255, 255, 255, 255, 255, 255, 255, 255, 255, 255, 255, 255, 255, 255, 255, 255, 255, 255, 255, 255, 255, 255, 255, 255, 255, 255, 255, 255, 255, 255, 255, 255, 255, 255, 255, 255, 255, 255, 255, 255, 255, 255, 255, 255},
    {255, 255, 255, 255, 255, 255, 255, 255, 255, 255, 255, 255, 255, 255, 255, 255, 255, 255, 255, 255, 255, 255, 255, 255, 255, 255, 255, 255, 255, 255, 255, 255, 255, 255, 255, 255, 255, 255, 255, 255, 255, 255, 255, 255, 255, 255, 255, 255, 255, 255, 255, 255, 255, 255, 255, 255, 255, 255, 255, 255, 255, 255, 255, 255, 255, 255, 255, 255, 255, 255, 255, 255, 255, 255, 255, 255, 255, 255, 255, 255, 255, 255, 255, 255, 255, 255, 255, 255, 255, 255, 255, 255, 255, 255, 255, 255, 255, 255, 255, 255, 255, 255, 255, 255, 255, 255, 255, 255, 255, 255, 255, 255, 255, 255, 255, 255, 255, 255, 255, 255, 255, 255, 255, 255, 255, 255, 255, 255},
    {255, 255, 255, 255, 255, 255, 255, 255, 255, 254, 254, 254, 254, 254, 254, 254, 254, 254, 254, 255, 255, 255, 255, 255, 255, 255, 255, 255, 255, 255, 255, 255, 255, 255, 255, 255, 255, 255, 255, 255, 255, 255, 255, 255, 255, 255, 255, 255, 255, 255, 255, 255, 255, 255, 255, 255, 255, 255, 255, 255, 255, 255, 255, 255, 255, 255, 255, 255, 255, 255, 255, 255, 255, 255, 255, 255, 255, 255, 255, 255, 255, 255, 255, 255, 255, 255, 255, 255, 255, 255, 255, 255, 255, 255, 255, 255, 255, 255, 255, 255, 255, 255, 255, 255, 255, 255, 255, 255, 255, 255, 253, 208, 184, 240, 255, 255, 255, 255, 255, 255, 255, 255, 255, 255, 255, 255, 255, 255},
    {255, 255, 255, 255, 255, 255, 255, 255, 255, 254, 253, 253, 254, 253, 253, 254, 254, 253, 253, 255, 255, 255, 255, 255, 255, 255, 254, 254, 255, 255, 255, 255, 255, 255, 255, 255, 255, 255, 255, 255, 255, 255, 255, 255, 255, 255, 255, 255, 255, 255, 255, 255, 255, 255, 255, 255, 255, 255, 255, 255, 255, 255, 255, 255, 255, 255, 255, 255, 255, 255, 255, 255, 255, 255, 255, 255, 255, 255, 255, 255, 255, 255, 255, 255, 255, 255, 255, 255, 255, 255, 255, 250, 239, 255, 255, 255, 255, 255, 255, 255, 255, 255, 255, 255, 255, 255, 255, 255, 255, 255, 194, 94, 82, 130, 253, 255, 255, 255, 255, 255, 255, 255, 255, 255, 255, 255, 255, 255},
    {255, 255, 255, 255, 255, 255, 255, 255, 255, 254, 254, 253, 253, 251, 252, 252, 252, 252, 252, 254, 255, 254, 255, 255, 255, 255, 254, 254, 255, 255, 255, 255, 255, 255, 255, 255, 255, 255, 255, 255, 255, 255, 255, 255, 255, 255, 255, 255, 255, 255, 255, 255, 255, 255, 255, 255, 255, 255, 255, 255, 255, 255, 255, 255, 255, 255, 255, 255, 255, 255, 255, 255, 255, 255, 255, 255, 255, 255, 255, 255, 255, 255, 255, 255, 255, 255, 226, 144, 150, 237, 255, 184, 76, 251, 255, 255, 255, 255, 255, 255, 255, 255, 255, 255, 255, 255, 255, 255, 255, 255, 109, 50, 43, 46, 228, 255, 255, 255, 255, 255, 255, 255, 255, 255, 255, 255, 255, 255},
    {255, 255, 255, 255, 255, 255, 255, 255, 255, 222, 144, 145, 143, 173, 164, 143, 145, 148, 233, 255, 255, 252, 253, 254, 253, 254, 254, 253, 254, 255, 255, 255, 255, 255, 255, 255, 255, 255, 255, 255, 255, 255, 255, 255, 255, 255, 255, 255, 255, 255, 255, 254, 254, 254, 253, 254, 255, 255, 255, 255, 255, 255, 255, 255, 255, 255, 255, 255, 255, 255, 255, 255, 255, 255, 255, 255, 255, 255, 255, 255, 255, 255, 255, 255, 255, 255, 237, 63, 82, 246, 255, 196, 109, 253, 255, 255, 255, 255, 255, 255, 254, 255, 255, 255, 255, 255, 255, 252, 253, 250, 84, 30, 75, 23, 205, 255, 255, 255, 255, 255, 255, 255, 255, 255, 255, 255, 255, 255},
    {255, 255, 255, 255, 255, 255, 255, 255, 255, 206, 85, 87, 84, 133, 117, 86, 87, 92, 222, 255, 253, 252, 252, 253, 253, 253, 254, 253, 254, 253, 254, 254, 255, 255, 254, 254, 255, 253, 255, 255, 255, 254, 254, 254, 254, 254, 255, 255, 255, 254, 254, 252, 253, 253, 252, 253, 254, 255, 255, 255, 255, 255, 255, 255, 255, 255, 255, 255, 255, 255, 255, 255, 255, 255, 255, 255, 255, 255, 255, 255, 255, 255, 255, 255, 255, 255, 255, 103, 119, 255, 255, 249, 226, 255, 230, 240, 221, 249, 253, 226, 250, 236, 232, 227, 225, 237, 223, 181, 236, 245, 129, 97, 125, 52, 198, 255, 255, 255, 255, 255, 255, 255, 255, 255, 255, 255, 255, 255},
    {255, 255, 255, 255, 255, 255, 255, 255, 255, 207, 92, 94, 90, 137, 122, 91, 93, 99, 224, 255, 247, 245, 252, 248, 245, 253, 250, 245, 241, 252, 253, 254, 255, 255, 254, 248, 208, 247, 255, 255, 255, 255, 255, 254, 254, 254, 255, 255, 255, 254, 254, 251, 237, 254, 243, 244, 254, 255, 255, 255, 255, 255, 255, 255, 255, 255, 255, 255, 255, 255, 255, 255, 255, 255, 255, 255, 255, 255, 255, 255, 255, 255, 255, 255, 255, 255, 255, 100, 117, 255, 254, 117, 89, 201, 42, 86, 26, 169, 169, 53, 216, 62, 153, 126, 52, 190, 72, 209, 251, 248, 119, 155, 127, 45, 193, 255, 255, 255, 255, 255, 255, 255, 255, 255, 255, 255, 255, 255},
    {255, 255, 255, 255, 255, 255, 255, 255, 255, 206, 91, 94, 90, 136, 122, 91, 93, 99, 224, 255, 206, 163, 255, 195, 154, 255, 191, 160, 151, 249, 254, 253, 253, 253, 254, 242, 136, 237, 255, 254, 253, 254, 254, 254, 253, 253, 254, 254, 254, 254, 251, 187, 150, 236, 142, 209, 255, 255, 255, 255, 255, 255, 255, 255, 255, 255, 255, 255, 255, 255, 255, 255, 255, 255, 255, 255, 255, 255, 255, 255, 255, 255, 255, 255, 255, 255, 255, 100, 117, 255, 255, 151, 72, 240, 47, 172, 110, 107, 213, 45, 236, 86, 146, 229, 47, 151, 163, 255, 255, 248, 169, 183, 188, 56, 184, 255, 255, 255, 255, 255, 255, 255, 255, 255, 255, 255, 255, 255},
    {255, 255, 255, 255, 255, 255, 255, 255, 255, 207, 91, 94, 90, 136, 122, 91, 93, 99, 224, 255, 216, 133, 253, 163, 117, 251, 159, 179, 197, 250, 255, 254, 253, 252, 254, 243, 140, 237, 255, 253, 253, 254, 253, 252, 254, 251, 254, 254, 254, 255, 217, 100, 138, 155, 90, 207, 255, 255, 255, 255, 255, 255, 255, 255, 255, 255, 255, 255, 255, 255, 255, 255, 255, 255, 255, 255, 255, 255, 255, 255, 255, 255, 255, 255, 255, 255, 255, 100, 117, 255, 255, 176, 74, 255, 61, 212, 159, 104, 232, 50, 244, 103, 142, 255, 102, 47, 238, 255, 255, 238, 131, 188, 194, 57, 153, 255, 255, 255, 255, 255, 255, 255, 255, 255, 255, 255, 255, 255},
    {255, 255, 255, 255, 255, 255, 255, 255, 255, 206, 89, 91, 87, 135, 120, 89, 90, 97, 224, 255, 237, 130, 236, 151, 120, 234, 149, 202, 201, 217, 184, 157, 214, 250, 177, 158, 135, 240, 196, 144, 211, 206, 223, 224, 199, 239, 199, 201, 148, 232, 240, 191, 141, 223, 143, 203, 255, 255, 255, 255, 255, 255, 255, 255, 255, 255, 255, 255, 255, 255, 255, 255, 255, 255, 255, 255, 255, 255, 255, 255, 255, 255, 255, 255, 255, 255, 255, 100, 117, 255, 233, 172, 74, 255, 59, 209, 158, 104, 231, 50, 244, 101, 142, 255, 147, 29, 235, 255, 255, 197, 111, 222, 228, 96, 69, 252, 255, 255, 255, 255, 255, 255, 255, 255, 255, 255, 255, 255},
    {255, 255, 255, 255, 255, 255, 255, 255, 255, 213, 112, 114, 110, 151, 138, 112, 114, 119, 226, 255, 250, 139, 212, 153, 144, 208, 148, 205, 146, 183, 110, 133, 145, 208, 116, 137, 118, 210, 114, 136, 127, 163, 182, 184, 132, 212, 145, 130, 152, 223, 255, 218, 140, 255, 150, 201, 255, 255, 255, 255, 255, 255, 255, 255, 255, 255, 255, 255, 255, 255, 255, 255, 255, 255, 255, 255, 255, 255, 255, 255, 255, 255, 255, 255, 255, 255, 255, 102, 120, 255, 127, 167, 77, 255, 61, 211, 159, 108, 231, 44, 239, 102, 146, 249, 123, 72, 150, 255, 255, 113, 134, 237, 234, 155, 6, 194, 255, 255, 255, 255, 255, 255, 255, 255, 255, 255, 255, 255},
    {255, 255, 255, 255, 255, 255, 255, 255, 255, 229, 174, 175, 174, 195, 190, 174, 175, 176, 237, 255, 255, 158, 178, 160, 172, 176, 150, 218, 149, 183, 168, 228, 142, 165, 180, 239, 139, 169, 162, 253, 143, 166, 167, 169, 131, 186, 168, 126, 219, 254, 255, 217, 140, 255, 149, 201, 255, 255, 255, 255, 255, 255, 255, 255, 255, 255, 255, 255, 255, 255, 255, 255, 255, 255, 255, 255, 255, 255, 255, 255, 255, 255, 255, 255, 255, 255, 238, 66, 78, 167, 83, 135, 55, 217, 38, 176, 127, 72, 231, 40, 81, 47, 116, 148, 132, 158, 41, 233, 236, 61, 184, 231, 229, 206, 38, 95, 254, 255, 255, 255, 255, 255, 255, 255, 255, 255, 255, 255},
    {255, 255, 255, 255, 255, 255, 255, 255, 255, 204, 89, 91, 88, 132, 118, 87, 89, 96, 223, 255, 255, 181, 137, 173, 199, 136, 161, 224, 148, 183, 180, 233, 145, 152, 199, 245, 146, 159, 181, 255, 156, 177, 149, 164, 154, 153, 208, 165, 110, 227, 255, 217, 139, 255, 149, 201, 255, 255, 255, 255, 255, 255, 255, 255, 255, 255, 255, 255, 255, 255, 255, 255, 255, 255, 255, 255, 255, 255, 255, 255, 255, 255, 255, 255, 255, 255, 230, 161, 161, 157, 178, 178, 161, 195, 158, 194, 181, 159, 237, 183, 159, 185, 167, 175, 197, 207, 152, 225, 172, 76, 226, 237, 238, 239, 95, 44, 222, 255, 255, 255, 255, 255, 255, 255, 255, 255, 255, 255},
    {255, 255, 255, 255, 255, 255, 255, 255, 255, 206, 93, 96, 93, 136, 120, 94, 96, 99, 224, 255, 255, 203, 100, 189, 222, 103, 178, 228, 148, 182, 180, 233, 145, 157, 184, 231, 131, 170, 160, 251, 138, 207, 135, 162, 176, 122, 226, 249, 145, 183, 255, 217, 140, 255, 149, 202, 255, 255, 255, 255, 255, 255, 255, 255, 255, 255, 255, 255, 255, 255, 255, 255, 255, 255, 255, 255, 255, 255, 255, 255, 255, 255, 255, 255, 255, 255, 255, 255, 255, 255, 255, 255, 255, 255, 255, 255, 255, 255, 244, 243, 235, 225, 219, 209, 198, 190, 206, 247, 115, 121, 249, 244, 245, 253, 145, 36, 173, 255, 255, 255, 255, 255, 255, 255, 255, 255, 255, 255},
    {255, 255, 255, 255, 255, 255, 255, 255, 255, 207, 91, 94, 90, 136, 122, 92, 94, 100, 223, 255, 255, 224, 93, 208, 239, 100, 199, 228, 146, 180, 177, 233, 142, 197, 112, 131, 116, 209, 113, 128, 130, 245, 133, 169, 196, 112, 225, 146, 120, 200, 255, 214, 137, 255, 149, 202, 255, 255, 255, 255, 255, 255, 255, 255, 255, 255, 255, 255, 255, 255, 255, 255, 255, 255, 255, 255, 255, 255, 255, 255, 255, 255, 255, 255, 255, 254, 254, 254, 254, 253, 251, 245, 234, 220, 204, 185, 172, 157, 145, 135, 124, 116, 111, 101, 97, 101, 136, 220, 94, 169, 255, 251, 251, 255, 201, 61, 133, 255, 255, 255, 255, 255, 255, 255, 255, 255, 255, 255},
    {255, 255, 255, 255, 255, 255, 255, 255, 255, 207, 91, 94, 90, 136, 122, 91, 93, 99, 224, 255, 255, 244, 188, 237, 250, 193, 236, 242, 207, 221, 220, 243, 205, 246, 179, 184, 203, 245, 197, 154, 219, 254, 207, 223, 234, 198, 243, 165, 175, 247, 255, 235, 202, 254, 208, 230, 254, 255, 255, 255, 255, 255, 255, 255, 255, 255, 255, 255, 255, 255, 255, 255, 255, 255, 255, 255, 255, 255, 255, 255, 255, 255, 255, 255, 255, 254, 253, 248, 237, 219, 200, 181, 167, 157, 147, 140, 135, 129, 124, 116, 114, 118, 135, 155, 186, 215, 244, 212, 82, 216, 255, 253, 253, 254, 222, 128, 134, 255, 255, 255, 255, 255, 255, 255, 255, 255, 255, 255},
    {255, 255, 255, 255, 255, 255, 255, 255, 255, 206, 90, 93, 89, 135, 121, 91, 93, 99, 224, 255, 255, 253, 255, 252, 252, 255, 253, 253, 254, 253, 254, 252, 253, 253, 255, 254, 254, 252, 254, 255, 254, 251, 253, 254, 252, 253, 251, 255, 255, 253, 254, 253, 254, 252, 255, 252, 251, 255, 255, 255, 255, 255, 255, 255, 255, 255, 255, 255, 255, 255, 255, 255, 255, 255, 255, 255, 255, 255, 255, 255, 255, 255, 255, 255, 255, 255, 244, 209, 193, 184, 175, 168, 163, 157, 148, 141, 138, 143, 156, 174, 197, 220, 241, 252, 255, 255, 255, 220, 130, 205, 255, 254, 254, 254, 148, 61, 174, 255, 255, 255, 255, 255, 255, 255, 255, 255, 255, 255},
    {255, 255, 255, 255, 255, 255, 255, 255, 255, 206, 93, 95, 92, 136, 125, 95, 97, 101, 224, 255, 255, 254, 254, 254, 254, 253, 254, 254, 253, 253, 253, 254, 254, 254, 254, 254, 254, 254, 254, 253, 254, 254, 254, 254, 254, 253, 254, 253, 253, 254, 254, 254, 254, 254, 254, 253, 254, 255, 255, 255, 255, 255, 255, 255, 255, 255, 255, 255, 255, 255, 255, 255, 255, 255, 255, 255, 255, 255, 255, 255, 255, 255, 255, 255, 255, 255, 224, 195, 190, 185, 178, 168, 161, 159, 169, 190, 215, 234, 247, 254, 255, 255, 255, 254, 254, 254, 246, 212, 216, 122, 217, 255, 253, 247, 142, 84, 200, 250, 255, 255, 255, 255, 255, 255, 255, 255, 255, 255},
    {255, 255, 255, 255, 255, 255, 255, 255, 255, 241, 210, 211, 210, 221, 217, 210, 209, 211, 245, 255, 255, 255, 255, 255, 255, 255, 255, 255, 255, 255, 255, 255, 255, 255, 255, 255, 255, 255, 255, 255, 255, 255, 255, 255, 255, 255, 255, 255, 255, 255, 255, 255, 255, 255, 255, 255, 255, 255, 255, 255, 255, 255, 255, 255, 255, 255, 255, 255, 255, 255, 255, 255, 255, 255, 255, 255, 255, 255, 255, 255, 255, 255, 255, 255, 255, 255, 223, 196, 192, 184, 176, 182, 204, 228, 244, 253, 255, 255, 254, 255, 254, 254, 255, 255, 255, 255, 224, 201, 217, 131, 120, 255, 254, 238, 205, 206, 202, 243, 255, 255, 255, 255, 255, 255, 255, 255, 255, 255},
    {255, 255, 255, 255, 255, 255, 255, 255, 255, 255, 255, 255, 255, 254, 253, 255, 255, 255, 253, 255, 255, 255, 255, 255, 255, 255, 255, 255, 255, 255, 255, 255, 255, 255, 255, 255, 255, 255, 255, 255, 255, 255, 255, 255, 255, 255, 255, 255, 255, 255, 255, 255, 255, 255, 255, 255, 255, 255, 255, 255, 255, 255, 255, 255, 255, 255, 255, 255, 255, 255, 255, 255, 255, 255, 255, 255, 255, 255, 255, 255, 255, 255, 255, 255, 255, 255, 226, 196, 190, 196, 222, 244, 253, 255, 253, 253, 253, 254, 254, 255, 255, 255, 255, 255, 255, 255, 223, 199, 204, 185, 160, 255, 255, 236, 199, 202, 199, 225, 255, 255, 255, 255, 255, 255, 255, 255, 255, 255},
    {255, 255, 255, 255, 255, 255, 255, 255, 255, 254, 254, 253, 253, 253, 253, 254, 254, 253, 253, 254, 254, 255, 255, 255, 255, 255, 255, 255, 255, 255, 255, 255, 255, 255, 254, 254, 254, 254, 254, 254, 255, 255, 255, 255, 255, 255, 254, 255, 255, 255, 255, 255, 255, 255, 255, 255, 255, 255, 255, 255, 255, 255, 255, 255, 255, 255, 255, 254, 255, 255, 255, 255, 255, 255, 255, 255, 255, 255, 255, 255, 255, 255, 255, 255, 255, 255, 231, 195, 213, 245, 254, 255, 253, 253, 254, 255, 254, 255, 255, 255, 255, 255, 255, 255, 255, 255, 222, 198, 201, 201, 204, 241, 232, 172, 201, 199, 195, 219, 255, 255, 255, 255, 255, 255, 255, 255, 255, 255},
    {255, 255, 255, 255, 255, 255, 255, 255, 255, 255, 255, 254, 254, 254, 254, 255, 255, 255, 255, 254, 254, 255, 255, 255, 255, 255, 255, 255, 255, 255, 255, 255, 255, 255, 254, 254, 254, 254, 254, 254, 255, 255, 255, 255, 255, 255, 254, 255, 255, 255, 255, 255, 255, 255, 255, 255, 255, 255, 255, 255, 255, 255, 255, 255, 255, 255, 254, 254, 255, 255, 255, 255, 255, 255, 255, 255, 255, 255, 255, 255, 255, 255, 255, 255, 255, 255, 240, 217, 249, 253, 253, 255, 255, 255, 255, 255, 255, 255, 255, 255, 255, 255, 255, 255, 255, 255, 217, 193, 197, 206, 143, 62, 55, 111, 208, 197, 212, 248, 255, 255, 255, 255, 255, 255, 255, 255, 255, 255},
    {255, 255, 255, 255, 255, 255, 255, 255, 255, 255, 255, 255, 255, 254, 254, 255, 255, 255, 255, 255, 255, 255, 255, 255, 255, 255, 255, 255, 255, 255, 255, 255, 255, 255, 255, 255, 255, 255, 255, 255, 255, 255, 255, 255, 255, 255, 255, 255, 255, 255, 255, 255, 255, 255, 255, 255, 255, 255, 255, 255, 255, 255, 255, 255, 255, 255, 255, 255, 255, 255, 255, 255, 255, 255, 255, 255, 255, 255, 255, 255, 255, 255, 255, 255, 255, 254, 252, 249, 252, 254, 255, 255, 255, 255, 255, 255, 255, 255, 255, 255, 255, 255, 255, 255, 255, 255, 245, 228, 209, 195, 191, 197, 211, 196, 194, 208, 248, 253, 255, 255, 255, 255, 255, 255, 255, 255, 255, 255},
    {255, 255, 255, 254, 254, 254, 254, 254, 254, 254, 254, 253, 253, 253, 252, 254, 255, 255, 255, 254, 254, 255, 255, 255, 254, 254, 255, 254, 254, 254, 254, 255, 254, 254, 254, 254, 254, 254, 254, 254, 255, 254, 255, 255, 255, 255, 254, 255, 255, 255, 255, 255, 255, 255, 255, 255, 255, 255, 254, 254, 254, 254, 254, 255, 254, 253, 254, 255, 255, 254, 253, 255, 255, 255, 255, 255, 255, 255, 254, 255, 255, 255, 255, 255, 255, 254, 254, 253, 253, 255, 255, 255, 255, 255, 255, 255, 255, 255, 255, 255, 255, 255, 255, 255, 255, 255, 253, 253, 250, 238, 250, 255, 255, 243, 210, 242, 254, 253, 254, 255, 255, 255, 255, 255, 255, 255, 255, 255},
    {254, 255, 255, 255, 255, 255, 255, 255, 255, 255, 255, 255, 255, 255, 255, 255, 255, 255, 255, 255, 255, 255, 255, 255, 255, 255, 255, 255, 255, 255, 255, 255, 255, 255, 255, 255, 255, 255, 255, 255, 255, 255, 255, 255, 255, 255, 255, 255, 255, 255, 255, 255, 255, 255, 255, 255, 255, 255, 255, 255, 255, 255, 255, 255, 254, 255, 255, 255, 255, 255, 255, 255, 255, 255, 255, 255, 255, 255, 255, 255, 255, 255, 255, 255, 255, 255, 255, 255, 255, 255, 255, 255, 255, 255, 255, 255, 255, 255, 255, 255, 255, 255, 255, 255, 255, 255, 255, 255, 255, 255, 255, 255, 255, 255, 255, 255, 255, 255, 255, 255, 255, 255, 255, 255, 254, 255, 255, 254},
    {246, 224, 223, 224, 223, 224, 223, 224, 223, 224, 224, 223, 223, 223, 223, 223, 223, 223, 223, 223, 223, 223, 224, 223, 223, 223, 223, 223, 223, 224, 224, 223, 223, 223, 223, 223, 223, 223, 223, 223, 223, 222, 222, 221, 222, 221, 221, 220, 221, 221, 221, 221, 222, 223, 222, 222, 221, 222, 222, 221, 222, 222, 221, 227, 240, 227, 230, 228, 228, 228, 227, 225, 223, 222, 223, 223, 223, 223, 222, 222, 222, 221, 221, 221, 222, 222, 227, 239, 243, 236, 228, 221, 223, 226, 226, 221, 222, 221, 222, 225, 222, 222, 221, 221, 229, 231, 231, 232, 231, 223, 221, 220, 228, 232, 232, 227, 229, 231, 230, 222, 221, 222, 218, 225, 248, 241, 229, 246},
    {218, 78, 71, 72, 72, 73, 74, 73, 73, 72, 72, 72, 72, 72, 71, 71, 71, 72, 71, 71, 72, 72, 72, 72, 73, 73, 73, 74, 74, 73, 72, 72, 73, 74, 73, 73, 73, 72, 71, 71, 71, 69, 70, 70, 70, 71, 71, 70, 71, 70, 70, 70, 70, 69, 67, 66, 65, 67, 69, 67, 67, 66, 61, 100, 180, 84, 118, 89, 80, 106, 91, 85, 77, 63, 61, 70, 70, 51, 50, 52, 52, 52, 47, 48, 47, 55, 91, 182, 189, 149, 98, 47, 115, 131, 74, 53, 50, 49, 62, 85, 59, 50, 49, 48, 134, 161, 117, 100, 111, 62, 52, 59, 85, 107, 105, 98, 100, 112, 98, 55, 49, 43, 75, 171, 211, 179, 103, 213},
    {216, 69, 61, 62, 62, 62, 63, 61, 61, 62, 62, 62, 62, 62, 62, 61, 60, 61, 60, 60, 61, 60, 61, 61, 61, 61, 61, 60, 60, 61, 62, 61, 62, 60, 61, 61, 61, 61, 60, 60, 60, 58, 58, 57, 55, 55, 55, 55, 56, 56, 56, 56, 57, 57, 55, 56, 56, 55, 56, 58, 57, 57, 53, 93, 176, 60, 110, 77, 68, 92, 82, 78, 76, 59, 54, 67, 75, 44, 33, 39, 40, 39, 35, 36, 38, 48, 96, 185, 187, 140, 84, 37, 151, 182, 68, 39, 37, 35, 60, 93, 50, 35, 34, 43, 162, 205, 108, 91, 107, 55, 39, 66, 58, 83, 88, 76, 74, 86, 63, 40, 33, 75, 195, 214, 197, 178, 106, 209},
    {216, 71, 62, 63, 65, 64, 63, 61, 63, 65, 63, 63, 63, 63, 64, 64, 62, 63, 62, 62, 63, 63, 62, 62, 62, 64, 63, 62, 63, 63, 63, 63, 63, 63, 63, 63, 63, 62, 63, 63, 62, 62, 62, 59, 76, 110, 122, 122, 122, 124, 124, 125, 125, 124, 125, 126, 126, 116, 81, 60, 59, 59, 55, 95, 174, 48, 69, 50, 77, 76, 80, 68, 71, 72, 69, 70, 79, 93, 44, 42, 45, 42, 39, 39, 46, 58, 125, 188, 189, 140, 79, 40, 162, 210, 99, 41, 38, 36, 57, 91, 49, 37, 39, 54, 170, 201, 100, 90, 98, 82, 50, 81, 60, 78, 88, 87, 64, 72, 51, 36, 40, 169, 220, 206, 183, 115, 95, 213},
    {216, 71, 62, 63, 64, 64, 63, 62, 62, 63, 63, 63, 63, 63, 63, 63, 63, 62, 63, 63, 63, 63, 62, 62, 63, 64, 64, 65, 66, 63, 63, 64, 64, 65, 65, 64, 64, 63, 63, 63, 62, 62, 60, 72, 173, 235, 244, 243, 244, 244, 245, 244, 245, 244, 244, 244, 244, 239, 193, 83, 56, 59, 55, 95, 173, 37, 38, 43, 73, 80, 79, 61, 67, 74, 75, 77, 86, 126, 124, 60, 42, 45, 41, 39, 48, 58, 145, 184, 191, 146, 75, 39, 159, 209, 132, 43, 48, 39, 49, 56, 43, 46, 50, 62, 170, 181, 95, 83, 87, 107, 87, 95, 75, 77, 81, 146, 77, 60, 50, 35, 70, 199, 197, 195, 106, 67, 107, 214},
    {216, 70, 62, 63, 64, 64, 63, 63, 62, 63, 63, 63, 63, 63, 63, 63, 64, 64, 64, 64, 63, 63, 62, 62, 66, 67, 66, 65, 61, 69, 89, 81, 68, 61, 64, 66, 67, 63, 63, 62, 62, 62, 59, 86, 230, 255, 255, 253, 253, 254, 254, 254, 254, 255, 254, 255, 255, 255, 248, 107, 55, 61, 57, 95, 171, 48, 80, 67, 88, 91, 88, 69, 74, 74, 75, 86, 109, 98, 141, 139, 81, 49, 47, 41, 44, 55, 140, 178, 189, 151, 70, 35, 145, 197, 162, 105, 129, 53, 43, 46, 49, 72, 92, 68, 164, 154, 97, 95, 109, 105, 136, 118, 84, 76, 74, 121, 135, 62, 43, 33, 104, 201, 193, 132, 53, 68, 122, 214},
    {216, 71, 64, 65, 65, 66, 64, 64, 64, 63, 63, 63, 63, 63, 65, 65, 63, 63, 63, 63, 65, 65, 63, 63, 65, 66, 66, 67, 127, 192, 231, 220, 192, 146, 77, 64, 68, 64, 63, 64, 62, 62, 59, 86, 225, 255, 196, 190, 164, 178, 171, 241, 156, 203, 197, 198, 219, 189, 240, 110, 57, 62, 59, 96, 176, 80, 125, 99, 79, 85, 76, 75, 78, 75, 72, 81, 108, 76, 100, 126, 151, 112, 57, 50, 55, 58, 132, 173, 188, 153, 63, 35, 142, 196, 185, 128, 107, 48, 48, 51, 55, 91, 107, 58, 144, 145, 105, 111, 116, 98, 119, 128, 81, 64, 81, 115, 114, 97, 55, 32, 136, 198, 169, 71, 49, 65, 132, 217},
    {217, 74, 65, 66, 66, 66, 66, 66, 65, 64, 64, 64, 64, 64, 65, 65, 64, 64, 64, 64, 66, 65, 64, 64, 65, 65, 68, 153, 251, 255, 255, 255, 255, 255, 201, 87, 64, 66, 64, 64, 63, 61, 57, 84, 225, 247, 147, 165, 213, 162, 155, 227, 170, 180, 159, 160, 170, 143, 239, 111, 57, 62, 58, 95, 185, 73, 79, 94, 86, 71, 54, 76, 68, 73, 70, 76, 97, 71, 82, 96, 122, 148, 118, 70, 58, 56, 131, 180, 185, 143, 52, 34, 142, 198, 200, 111, 70, 52, 51, 49, 55, 76, 86, 52, 135, 133, 103, 95, 110, 90, 89, 108, 83, 62, 84, 95, 89, 110, 118, 55, 152, 191, 124, 45, 98, 123, 123, 219},
    {217, 74, 66, 66, 65, 64, 64, 64, 65, 65, 66, 65, 65, 66, 66, 65, 65, 65, 65, 65, 66, 65, 65, 65, 64, 69, 164, 253, 255, 240, 218, 218, 255, 255, 255, 197, 71, 67, 66, 64, 66, 67, 62, 87, 228, 215, 121, 156, 180, 148, 162, 226, 136, 172, 136, 147, 142, 150, 241, 110, 57, 62, 58, 96, 178, 66, 89, 119, 141, 146, 64, 54, 59, 73, 66, 72, 85, 70, 75, 83, 109, 135, 148, 116, 53, 53, 136, 183, 174, 141, 42, 34, 141, 200, 204, 155, 58, 57, 55, 57, 56, 64, 51, 78, 151, 123, 105, 73, 83, 71, 81, 99, 91, 85, 71, 76, 89, 114, 141, 122, 166, 173, 96, 41, 101, 104, 108, 215},
    {217, 75, 66, 66, 66, 65, 65, 65, 66, 67, 66, 66, 68, 66, 66, 66, 68, 65, 65, 66, 66, 65, 65, 65, 62, 144, 253, 252, 204, 164, 126, 135, 252, 255, 254, 253, 123, 64, 68, 72, 99, 98, 96, 109, 223, 245, 182, 173, 153, 160, 163, 230, 203, 166, 205, 163, 169, 180, 240, 111, 59, 63, 59, 97, 172, 42, 63, 85, 125, 130, 81, 41, 49, 61, 56, 68, 66, 64, 72, 82, 102, 120, 135, 129, 64, 52, 139, 175, 191, 144, 37, 36, 131, 202, 213, 189, 59, 55, 57, 63, 61, 52, 50, 133, 142, 120, 93, 64, 58, 58, 82, 95, 115, 104, 60, 74, 93, 122, 130, 130, 141, 172, 102, 39, 60, 57, 97, 218},
    {217, 75, 66, 66, 67, 68, 68, 68, 67, 66, 66, 66, 68, 67, 64, 67, 68, 65, 65, 66, 67, 67, 68, 65, 83, 228, 255, 245, 130, 156, 161, 193, 250, 255, 254, 255, 196, 68, 69, 94, 75, 64, 62, 87, 228, 255, 251, 249, 240, 244, 243, 251, 248, 244, 253, 247, 250, 249, 247, 112, 59, 63, 59, 97, 174, 38, 52, 73, 104, 101, 72, 40, 73, 56, 52, 58, 50, 58, 69, 80, 90, 103, 107, 127, 79, 49, 141, 172, 181, 133, 39, 33, 110, 205, 214, 218, 101, 70, 77, 84, 83, 78, 110, 156, 138, 108, 83, 58, 44, 50, 78, 93, 125, 105, 61, 83, 104, 125, 121, 140, 169, 132, 85, 47, 49, 45, 103, 229},
    {217, 75, 66, 66, 67, 68, 68, 68, 67, 68, 66, 67, 68, 68, 65, 67, 68, 65, 65, 66, 68, 68, 68, 62, 135, 255, 255, 250, 189, 228, 249, 253, 254, 255, 254, 255, 248, 111, 86, 83, 63, 65, 62, 83, 211, 254, 255, 255, 255, 255, 255, 255, 255, 255, 255, 255, 255, 255, 234, 102, 59, 63, 59, 98, 174, 38, 49, 66, 87, 76, 50, 44, 89, 52, 48, 51, 49, 55, 69, 80, 86, 89, 91, 120, 102, 47, 127, 184, 175, 135, 38, 32, 90, 207, 214, 223, 142, 104, 125, 126, 108, 125, 161, 146, 134, 97, 77, 62, 40, 53, 63, 95, 117, 83, 74, 79, 96, 118, 111, 179, 181, 63, 55, 56, 55, 47, 94, 231},
    {218, 77, 68, 67, 66, 67, 66, 66, 66, 66, 66, 66, 67, 67, 66, 66, 67, 65, 66, 68, 68, 68, 68, 64, 178, 255, 254, 254, 254, 255, 255, 255, 255, 254, 254, 254, 255, 163, 87, 64, 65, 65, 64, 67, 113, 169, 178, 178, 177, 178, 179, 182, 182, 181, 179, 179, 179, 173, 128, 71, 64, 64, 59, 98, 174, 36, 42, 61, 64, 41, 36, 41, 97, 53, 45, 48, 49, 58, 70, 81, 81, 81, 97, 121, 111, 69, 115, 150, 147, 119, 68, 63, 87, 178, 192, 217, 156, 93, 105, 102, 117, 145, 156, 144, 124, 83, 68, 67, 44, 65, 60, 94, 113, 88, 73, 70, 93, 101, 136, 199, 177, 67, 59, 55, 51, 46, 68, 222},
    {218, 76, 68, 67, 73, 87, 87, 86, 87, 86, 86, 87, 86, 86, 86, 87, 84, 70, 68, 68, 68, 68, 67, 73, 212, 255, 253, 254, 255, 254, 234, 218, 232, 254, 254, 252, 243, 148, 72, 66, 65, 65, 64, 64, 64, 70, 72, 71, 70, 71, 70, 73, 73, 72, 71, 72, 72, 71, 65, 62, 65, 64, 60, 99, 175, 37, 40, 62, 76, 82, 56, 38, 105, 54, 41, 47, 50, 58, 72, 81, 78, 80, 96, 115, 120, 87, 101, 101, 101, 97, 96, 97, 98, 91, 98, 108, 110, 72, 69, 91, 136, 165, 157, 140, 114, 71, 54, 64, 55, 63, 77, 98, 111, 115, 74, 71, 85, 111, 173, 188, 178, 67, 54, 50, 47, 46, 56, 214},
    {218, 76, 66, 96, 178, 205, 205, 204, 204, 206, 206, 206, 205, 204, 204, 205, 197, 146, 77, 66, 68, 68, 66, 84, 230, 254, 252, 254, 247, 168, 97, 83, 104, 165, 235, 248, 184, 187, 83, 68, 65, 66, 65, 65, 65, 64, 62, 65, 68, 69, 70, 68, 69, 70, 70, 70, 71, 71, 71, 68, 64, 65, 62, 100, 183, 38, 36, 67, 73, 91, 124, 122, 132, 60, 44, 48, 51, 59, 75, 79, 76, 78, 92, 109, 118, 80, 88, 92, 93, 90, 85, 81, 79, 72, 74, 73, 82, 95, 93, 96, 141, 157, 148, 132, 113, 70, 54, 55, 70, 91, 80, 106, 109, 128, 88, 70, 99, 170, 186, 182, 172, 61, 46, 44, 42, 42, 47, 209},
    {219, 76, 69, 176, 229, 253, 255, 255, 244, 255, 255, 255, 255, 255, 255, 255, 255, 243, 124, 61, 68, 68, 64, 99, 241, 250, 251, 249, 154, 74, 87, 97, 100, 100, 139, 190, 193, 233, 96, 68, 65, 66, 66, 66, 65, 65, 103, 152, 167, 166, 166, 165, 167, 166, 167, 167, 169, 169, 168, 163, 131, 82, 61, 100, 186, 41, 35, 53, 74, 65, 82, 108, 132, 67, 44, 50, 52, 60, 76, 78, 73, 72, 87, 106, 118, 78, 86, 91, 93, 88, 86, 88, 85, 75, 77, 75, 73, 90, 113, 89, 143, 149, 138, 120, 107, 70, 57, 54, 74, 97, 70, 95, 105, 120, 113, 73, 110, 175, 160, 174, 155, 51, 38, 38, 36, 34, 43, 209},
    {218, 75, 73, 198, 137, 152, 168, 189, 170, 170, 162, 232, 255, 254, 253, 253, 253, 255, 143, 61, 69, 69, 64, 111, 245, 248, 251, 190, 91, 99, 105, 109, 110, 111, 106, 133, 237, 236, 115, 65, 65, 64, 64, 64, 61, 97, 214, 255, 255, 255, 255, 255, 255, 255, 254, 254, 255, 255, 255, 255, 242, 156, 64, 100, 189, 50, 35, 37, 66, 73, 75, 78, 104, 71, 43, 46, 48, 55, 71, 68, 61, 69, 81, 102, 115, 78, 88, 109, 98, 95, 96, 94, 91, 84, 88, 89, 88, 89, 97, 92, 143, 139, 130, 112, 101, 70, 67, 94, 124, 127, 123, 128, 132, 129, 135, 131, 132, 139, 133, 137, 136, 125, 124, 114, 79, 41, 43, 209},
    {218, 75, 73, 199, 154, 117, 117, 133, 142, 146, 119, 215, 255, 254, 253, 254, 254, 255, 143, 62, 69, 68, 63, 122, 246, 246, 235, 121, 99, 104, 104, 107, 107, 110, 115, 104, 171, 199, 115, 66, 87, 89, 89, 89, 84, 141, 255, 212, 226, 209, 255, 253, 241, 240, 212, 251, 252, 253, 253, 253, 255, 206, 69, 99, 187, 59, 31, 35, 53, 68, 67, 76, 100, 83, 40, 45, 47, 50, 68, 56, 59, 70, 76, 95, 105, 78, 97, 103, 81, 80, 80, 80, 78, 78, 77, 78, 80, 83, 83, 106, 146, 133, 117, 106, 105, 88, 158, 229, 244, 247, 248, 242, 223, 245, 229, 230, 247, 233, 242, 232, 245, 248, 249, 244, 221, 130, 53, 214},
    {218, 76, 72, 199, 246, 242, 217, 220, 238, 239, 232, 242, 255, 255, 255, 254, 246, 248, 148, 73, 78, 79, 70, 120, 240, 243, 192, 98, 105, 107, 98, 104, 106, 110, 107, 99, 108, 93, 85, 90, 95, 86, 86, 85, 83, 140, 255, 173, 172, 149, 207, 167, 170, 204, 171, 176, 173, 199, 184, 178, 254, 208, 70, 100, 185, 95, 78, 50, 46, 56, 62, 71, 91, 104, 50, 46, 48, 45, 56, 50, 60, 70, 77, 88, 97, 78, 92, 77, 77, 76, 76, 77, 76, 75, 76, 76, 77, 79, 77, 99, 134, 121, 108, 111, 111, 131, 243, 255, 254, 255, 255, 128, 47, 174, 81, 52, 168, 125, 227, 115, 246, 255, 255, 254, 255, 224, 88, 219},
    {219, 77, 73, 197, 191, 195, 195, 190, 159, 177, 189, 144, 209, 205, 200, 222, 173, 171, 148, 94, 96, 99, 99, 102, 214, 243, 139, 94, 105, 108, 100, 103, 108, 117, 105, 95, 124, 97, 83, 103, 66, 66, 65, 64, 61, 133, 255, 188, 138, 155, 174, 154, 176, 218, 192, 159, 147, 160, 144, 168, 254, 209, 71, 101, 185, 104, 111, 58, 45, 54, 60, 69, 82, 104, 97, 55, 55, 46, 49, 53, 64, 70, 78, 86, 86, 74, 84, 81, 87, 88, 78, 74, 73, 73, 72, 73, 75, 78, 79, 92, 116, 106, 107, 120, 106, 128, 248, 254, 253, 255, 229, 94, 195, 118, 95, 190, 92, 101, 224, 96, 245, 255, 254, 253, 255, 234, 109, 224},
    {218, 77, 73, 198, 141, 134, 104, 151, 133, 110, 159, 117, 126, 125, 98, 171, 170, 114, 127, 64, 67, 69, 76, 104, 204, 230, 97, 93, 102, 103, 105, 108, 109, 105, 87, 73, 120, 109, 108, 98, 69, 71, 71, 71, 64, 135, 255, 217, 186, 197, 165, 174, 191, 215, 217, 187, 166, 204, 201, 196, 255, 208, 71, 101, 189, 105, 99, 53, 40, 52, 62, 87, 84, 93, 119, 84, 56, 47, 46, 55, 70, 73, 80, 88, 75, 69, 118, 171, 172, 155, 115, 83, 73, 71, 70, 73, 75, 79, 80, 85, 97, 97, 109, 99, 77, 112, 249, 255, 254, 255, 208, 111, 255, 235, 83, 141, 96, 107, 226, 98, 245, 255, 255, 254, 254, 234, 100, 220},
    {217, 76, 72, 201, 225, 222, 208, 224, 219, 212, 221, 210, 181, 204, 209, 227, 213, 217, 136, 65, 70, 71, 69, 82, 164, 182, 82, 94, 100, 99, 105, 111, 91, 55, 56, 97, 126, 118, 107, 97, 70, 71, 71, 71, 65, 135, 254, 255, 255, 255, 254, 254, 255, 252, 255, 253, 255, 254, 253, 252, 255, 208, 71, 101, 190, 107, 100, 51, 37, 43, 56, 108, 80, 89, 107, 122, 65, 44, 42, 59, 75, 77, 83, 88, 78, 127, 186, 188, 183, 163, 131, 128, 104, 78, 71, 73, 75, 78, 79, 82, 78, 78, 85, 76, 70, 113, 250, 255, 255, 255, 212, 110, 255, 206, 64, 89, 200, 106, 227, 98, 246, 255, 255, 255, 255, 236, 97, 220},
    {217, 77, 74, 204, 246, 240, 208, 243, 208, 224, 239, 248, 252, 255, 255, 255, 255, 255, 146, 66, 72, 72, 71, 79, 121, 120, 108, 90, 80, 76, 92, 98, 76, 48, 55, 92, 127, 139, 109, 93, 70, 72, 72, 72, 64, 135, 254, 231, 223, 224, 237, 247, 242, 249, 228, 251, 230, 250, 255, 255, 255, 208, 72, 101, 195, 109, 101, 53, 41, 41, 55, 100, 62, 88, 100, 128, 109, 44, 40, 63, 76, 79, 84, 89, 146, 177, 173, 169, 164, 147, 117, 175, 155, 101, 68, 70, 73, 76, 79, 81, 75, 70, 75, 83, 82, 118, 249, 255, 255, 255, 239, 87, 136, 108, 97, 249, 255, 99, 132, 96, 252, 255, 255, 255, 255, 236, 97, 219},
    {217, 79, 77, 199, 148, 161, 149, 123, 100, 110, 133, 249, 254, 254, 254, 254, 254, 255, 146, 67, 73, 73, 72, 73, 95, 135, 118, 70, 58, 50, 75, 91, 82, 59, 71, 104, 135, 165, 117, 83, 70, 72, 71, 71, 66, 134, 255, 200, 162, 167, 147, 187, 166, 228, 165, 215, 161, 221, 255, 255, 255, 209, 71, 97, 197, 105, 100, 58, 47, 41, 59, 94, 43, 76, 94, 111, 140, 110, 47, 60, 77, 80, 81, 128, 177, 175, 155, 155, 164, 147, 142, 138, 177, 139, 73, 68, 71, 76, 79, 80, 84, 67, 72, 80, 81, 119, 249, 255, 255, 252, 255, 172, 90, 210, 156, 247, 255, 197, 88, 190, 255, 254, 254, 255, 255, 236, 96, 219},
    {217, 77, 72, 188, 188, 211, 193, 175, 176, 171, 195, 255, 255, 255, 255, 255, 255, 252, 135, 69, 73, 73, 71, 91, 106, 122, 112, 102, 51, 42, 66, 91, 92, 88, 113, 118, 151, 169, 138, 91, 77, 78, 78, 78, 74, 138, 255, 231, 199, 163, 163, 151, 155, 249, 203, 218, 186, 216, 255, 254, 255, 209, 92, 120, 196, 102, 98, 58, 50, 39, 67, 92, 35, 61, 82, 99, 120, 149, 115, 74, 83, 81, 88, 165, 180, 164, 122, 120, 167, 160, 164, 136, 170, 144, 85, 65, 67, 63, 58, 73, 66, 55, 58, 60, 78, 120, 249, 255, 240, 201, 255, 255, 255, 244, 219, 246, 255, 255, 255, 255, 195, 188, 254, 255, 255, 236, 96, 219},
    {227, 132, 128, 149, 213, 228, 229, 231, 233, 232, 230, 227, 228, 228, 228, 226, 225, 179, 125, 119, 120, 123, 125, 120, 74, 80, 115, 96, 75, 36, 49, 92, 110, 105, 120, 131, 157, 163, 149, 136, 133, 134, 133, 135, 134, 156, 254, 229, 198, 200, 222, 147, 171, 228, 158, 208, 158, 221, 255, 254, 255, 211, 136, 167, 197, 96, 95, 57, 58, 41, 80, 95, 34, 53, 74, 85, 106, 120, 138, 126, 113, 102, 116, 181, 182, 161, 89, 77, 150, 154, 157, 168, 173, 161, 86, 44, 45, 52, 48, 59, 56, 84, 54, 35, 82, 123, 248, 255, 219, 176, 164, 190, 160, 125, 138, 180, 177, 168, 188, 166, 151, 153, 244, 255, 255, 236, 96, 219},
    {238, 184, 181, 177, 159, 153, 153, 145, 137, 136, 136, 137, 137, 136, 136, 136, 138, 139, 147, 150, 149, 149, 149, 144, 85, 95, 121, 70, 47, 39, 44, 90, 124, 128, 112, 109, 149, 154, 142, 148, 149, 150, 149, 148, 148, 142, 221, 248, 243, 245, 246, 239, 240, 243, 216, 233, 229, 249, 255, 253, 245, 174, 139, 166, 196, 94, 88, 56, 53, 36, 96, 94, 34, 62, 62, 74, 90, 103, 109, 119, 121, 115, 139, 175, 163, 146, 130, 84, 143, 154, 144, 150, 173, 184, 106, 35, 40, 114, 78, 30, 65, 104, 62, 38, 97, 123, 247, 255, 212, 151, 148, 117, 134, 123, 135, 135, 131, 121, 145, 110, 133, 159, 238, 255, 255, 235, 95, 219},
    {237, 181, 178, 181, 184, 184, 186, 162, 144, 148, 148, 149, 149, 149, 149, 148, 147, 147, 147, 146, 146, 147, 146, 147, 121, 105, 129, 74, 36, 40, 48, 110, 144, 125, 111, 132, 143, 146, 146, 146, 145, 147, 148, 146, 146, 142, 140, 170, 179, 178, 179, 180, 179, 178, 182, 181, 181, 179, 178, 177, 153, 136, 141, 165, 194, 90, 84, 53, 50, 35, 92, 89, 35, 50, 42, 66, 76, 89, 96, 98, 111, 114, 157, 157, 109, 152, 154, 124, 159, 157, 149, 153, 156, 172, 134, 39, 48, 108, 64, 27, 76, 108, 56, 65, 116, 123, 247, 255, 218, 156, 130, 127, 117, 147, 151, 134, 130, 164, 140, 106, 147, 156, 242, 255, 255, 233, 90, 216},
    {237, 182, 179, 181, 182, 183, 184, 162, 145, 149, 150, 148, 147, 147, 146, 146, 147, 146, 146, 146, 146, 146, 145, 146, 136, 113, 135, 117, 57, 38, 78, 118, 155, 138, 130, 134, 141, 144, 146, 146, 147, 145, 143, 146, 146, 145, 144, 136, 137, 136, 136, 135, 135, 135, 134, 134, 135, 135, 134, 136, 140, 142, 140, 165, 195, 88, 79, 51, 51, 40, 58, 55, 38, 58, 47, 53, 70, 73, 86, 89, 92, 101, 159, 122, 66, 145, 154, 137, 141, 162, 145, 162, 142, 156, 137, 39, 52, 97, 63, 32, 79, 111, 48, 72, 114, 98, 185, 247, 237, 189, 233, 183, 196, 241, 234, 234, 232, 247, 241, 229, 239, 183, 253, 255, 242, 162, 58, 219},
    {237, 182, 179, 181, 183, 183, 185, 160, 144, 149, 149, 147, 145, 146, 142, 144, 147, 146, 146, 146, 146, 146, 146, 146, 145, 131, 130, 120, 109, 98, 98, 115, 159, 137, 126, 134, 139, 142, 144, 145, 146, 144, 143, 144, 146, 147, 147, 147, 147, 147, 147, 144, 144, 144, 142, 142, 142, 142, 144, 144, 143, 143, 140, 163, 196, 85, 67, 41, 45, 37, 45, 41, 35, 101, 72, 41, 59, 68, 77, 87, 86, 90, 129, 93, 93, 130, 135, 111, 118, 140, 120, 137, 135, 138, 116, 38, 78, 111, 58, 32, 82, 105, 43, 86, 136, 98, 89, 133, 156, 156, 161, 152, 155, 161, 160, 158, 159, 157, 158, 160, 158, 154, 159, 152, 109, 51, 42, 214},
    {237, 182, 179, 181, 182, 183, 185, 160, 143, 149, 150, 146, 145, 146, 143, 143, 146, 145, 145, 145, 147, 147, 146, 146, 146, 141, 124, 116, 112, 110, 97, 102, 127, 124, 132, 137, 140, 141, 142, 144, 145, 144, 142, 142, 145, 145, 145, 145, 145, 145, 145, 144, 143, 143, 142, 142, 142, 141, 141, 141, 143, 143, 141, 163, 203, 111, 98, 79, 84, 79, 73, 89, 68, 123, 106, 44, 54, 67, 78, 86, 86, 90, 92, 99, 119, 134, 112, 74, 67, 94, 93, 123, 136, 136, 104, 58, 77, 107, 51, 33, 86, 102, 43, 95, 149, 118, 98, 150, 130, 175, 183, 136, 74, 78, 79, 77, 74, 76, 58, 40, 38, 37, 37, 36, 32, 28, 40, 211},
    {237, 182, 179, 182, 183, 183, 185, 159, 142, 147, 146, 146, 144, 142, 143, 143, 143, 143, 143, 143, 142, 142, 143, 145, 146, 147, 132, 108, 102, 103, 95, 75, 86, 128, 159, 149, 143, 140, 140, 143, 143, 143, 142, 142, 143, 143, 143, 143, 143, 143, 143, 145, 144, 142, 142, 142, 143, 138, 138, 138, 141, 142, 139, 164, 183, 67, 77, 81, 84, 90, 90, 103, 103, 114, 116, 108, 109, 119, 126, 131, 132, 134, 120, 122, 130, 132, 114, 94, 91, 96, 106, 129, 133, 127, 111, 57, 64, 99, 40, 31, 94, 100, 39, 77, 103, 105, 114, 186, 194, 188, 207, 142, 72, 82, 80, 78, 73, 75, 51, 29, 29, 28, 29, 31, 33, 30, 42, 214},
    {236, 182, 179, 182, 183, 183, 184, 158, 142, 143, 144, 144, 143, 143, 143, 143, 143, 143, 143, 143, 143, 143, 143, 144, 145, 141, 90, 51, 44, 79, 96, 86, 109, 157, 167, 155, 146, 140, 141, 143, 143, 142, 142, 143, 143, 143, 143, 143, 143, 143, 143, 144, 143, 143, 142, 141, 140, 138, 138, 138, 138, 139, 137, 163, 179, 52, 55, 54, 52, 54, 55, 56, 56, 54, 54, 56, 60, 65, 68, 73, 76, 80, 101, 130, 130, 134, 119, 103, 99, 104, 116, 130, 131, 120, 121, 118, 121, 126, 91, 87, 124, 123, 72, 83, 101, 101, 132, 199, 203, 209, 211, 99, 63, 73, 135, 122, 92, 80, 51, 26, 29, 31, 30, 31, 32, 30, 45, 218},
    {236, 182, 179, 182, 183, 183, 185, 157, 140, 143, 144, 144, 143, 143, 143, 143, 143, 143, 143, 143, 143, 143, 143, 143, 144, 94, 55, 59, 42, 46, 99, 114, 124, 120, 130, 138, 144, 136, 141, 143, 143, 142, 141, 141, 143, 143, 143, 143, 143, 143, 143, 143, 141, 140, 142, 140, 141, 141, 141, 141, 140, 140, 137, 163, 179, 53, 58, 66, 67, 60, 64, 63, 58, 57, 55, 58, 56, 56, 58, 56, 55, 50, 112, 131, 134, 139, 124, 112, 112, 115, 124, 142, 145, 112, 128, 101, 74, 75, 83, 93, 93, 97, 105, 105, 115, 120, 137, 176, 172, 193, 196, 123, 99, 113, 163, 177, 133, 120, 71, 36, 34, 30, 27, 27, 26, 25, 46, 221},
    {237, 182, 179, 182, 184, 184, 185, 155, 140, 144, 143, 143, 143, 143, 143, 143, 143, 143, 143, 143, 143, 143, 142, 145, 125, 70, 71, 68, 62, 56, 79, 78, 56, 64, 82, 118, 130, 135, 141, 143, 142, 141, 141, 141, 142, 143, 143, 143, 143, 143, 143, 142, 139, 138, 140, 140, 143, 142, 142, 141, 138, 138, 135, 161, 178, 53, 55, 87, 118, 97, 96, 106, 88, 73, 103, 70, 79, 84, 78, 88, 67, 74, 96, 127, 130, 133, 121, 113, 117, 119, 121, 135, 139, 111, 139, 73, 56, 54, 58, 54, 54, 55, 56, 52, 52, 57, 60, 60, 62, 70, 72, 78, 86, 96, 95, 105, 111, 119, 121, 121, 118, 109, 110, 86, 64, 56, 65, 215},
    {237, 181, 179, 181, 181, 182, 184, 155, 139, 142, 141, 142, 143, 143, 143, 143, 143, 143, 143, 142, 143, 142, 143, 143, 91, 74, 70, 60, 68, 81, 74, 54, 57, 82, 113, 125, 131, 138, 141, 143, 141, 141, 140, 141, 143, 142, 142, 142, 143, 143, 140, 139, 139, 138, 138, 141, 140, 140, 140, 140, 138, 138, 136, 163, 177, 53, 57, 89, 115, 105, 113, 117, 102, 86, 106, 75, 90, 101, 118, 135, 93, 108, 109, 143, 95, 100, 83, 82, 84, 78, 72, 88, 89, 123, 132, 101, 63, 82, 64, 72, 60, 61, 59, 57, 59, 60, 58, 56, 56, 56, 58, 56, 57, 57, 54, 53, 51, 50, 50, 54, 55, 69, 143, 99, 90, 91, 97, 216},
    {237, 181, 180, 180, 180, 180, 182, 154, 139, 141, 141, 142, 143, 144, 143, 143, 143, 143, 143, 142, 143, 142, 143, 100, 69, 74, 64, 70, 75, 85, 61, 89, 82, 76, 108, 134, 135, 141, 141, 141, 140, 140, 140, 140, 141, 139, 140, 143, 140, 139, 140, 139, 140, 138, 138, 141, 140, 138, 136, 140, 143, 140, 132, 160, 178, 49, 51, 71, 69, 82, 91, 96, 89, 88, 106, 84, 83, 104, 95, 104, 89, 97, 97, 137, 125, 101, 80, 82, 65, 60, 63, 91, 95, 140, 133, 132, 91, 151, 95, 110, 86, 78, 57, 58, 60, 105, 75, 93, 72, 92, 62, 69, 75, 57, 69, 57, 58, 52, 51, 51, 49, 63, 136, 70, 51, 53, 58, 209},
    {237, 182, 179, 181, 181, 182, 183, 153, 138, 143, 143, 143, 142, 144, 143, 142, 142, 143, 142, 143, 143, 145, 112, 62, 67, 67, 59, 121, 148, 154, 117, 90, 84, 88, 126, 135, 139, 143, 141, 141, 140, 140, 140, 139, 142, 168, 195, 201, 190, 161, 140, 137, 139, 139, 140, 141, 139, 144, 176, 205, 212, 205, 172, 164, 177, 48, 49, 50, 51, 51, 51, 48, 50, 57, 61, 54, 62, 79, 62, 64, 76, 95, 65, 131, 138, 120, 96, 85, 114, 83, 83, 112, 132, 149, 131, 109, 91, 115, 97, 98, 84, 124, 63, 56, 61, 122, 95, 123, 93, 121, 80, 96, 104, 59, 119, 75, 132, 81, 101, 72, 61, 61, 134, 71, 62, 55, 61, 210},
    {237, 181, 179, 181, 183, 183, 184, 154, 138, 141, 141, 141, 141, 141, 141, 140, 139, 142, 142, 141, 143, 131, 70, 59, 65, 55, 51, 117, 190, 228, 126, 128, 79, 79, 120, 107, 127, 143, 141, 141, 140, 140, 139, 142, 194, 232, 226, 220, 227, 228, 182, 141, 139, 139, 141, 139, 147, 206, 232, 216, 208, 219, 230, 217, 181, 54, 58, 58, 57, 57, 59, 59, 59, 54, 52, 55, 51, 51, 51, 51, 51, 50, 55, 128, 148, 134, 117, 96, 139, 110, 111, 117, 139, 149, 115, 98, 71, 80, 64, 112, 71, 94, 63, 58, 64, 111, 79, 130, 99, 131, 84, 89, 107, 60, 103, 92, 130, 107, 104, 88, 103, 64, 133, 72, 110, 87, 111, 221},
    {237, 181, 179, 180, 182, 183, 184, 156, 139, 140, 140, 140, 140, 140, 140, 140, 139, 141, 142, 141, 141, 86, 55, 60, 60, 51, 79, 130, 182, 197, 123, 208, 111, 57, 61, 31, 42, 106, 142, 140, 140, 140, 141, 191, 228, 186, 153, 148, 156, 195, 227, 181, 136, 138, 140, 141, 201, 225, 172, 142, 137, 143, 182, 237, 185, 53, 58, 60, 60, 60, 61, 62, 63, 61, 60, 59, 59, 61, 60, 62, 61, 61, 59, 118, 151, 136, 123, 116, 152, 132, 121, 123, 131, 141, 98, 51, 49, 47, 50, 53, 56, 53, 52, 53, 56, 58, 58, 69, 68, 72, 73, 79, 95, 59, 117, 73, 88, 77, 112, 65, 112, 70, 135, 71, 116, 87, 133, 224},
    {237, 183, 180, 181, 184, 183, 184, 157, 139, 140, 140, 140, 140, 140, 140, 140, 140, 141, 142, 144, 119, 56, 56, 59, 51, 97, 205, 155, 148, 123, 108, 178, 106, 38, 7, 20, 32, 62, 139, 142, 140, 136, 167, 229, 174, 136, 139, 139, 137, 140, 188, 225, 157, 136, 137, 174, 227, 165, 132, 135, 133, 130, 131, 184, 183, 52, 58, 60, 61, 61, 61, 61, 61, 63, 60, 59, 60, 61, 63, 64, 62, 62, 60, 93, 145, 144, 136, 136, 152, 143, 122, 137, 134, 121, 67, 59, 57, 56, 56, 55, 56, 55, 56, 55, 54, 54, 51, 48, 48, 47, 47, 47, 48, 48, 52, 46, 47, 47, 72, 55, 58, 63, 135, 70, 88, 62, 110, 219},
    {236, 182, 179, 181, 183, 183, 185, 155, 138, 140, 140, 140, 140, 140, 140, 140, 140, 140, 142, 138, 73, 52, 58, 59, 42, 103, 205, 138, 125, 125, 91, 114, 42, 27, 14, 17, 30, 58, 134, 139, 140, 139, 209, 200, 138, 138, 140, 141, 141, 137, 140, 210, 196, 135, 141, 213, 194, 134, 136, 137, 133, 132, 131, 156, 179, 53, 59, 61, 61, 61, 60, 62, 63, 69, 124, 119, 80, 59, 62, 63, 62, 62, 60, 63, 133, 143, 136, 136, 142, 125, 121, 133, 134, 106, 61, 62, 58, 59, 59, 58, 58, 58, 59, 59, 58, 58, 59, 59, 57, 59, 58, 58, 57, 55, 55, 55, 52, 50, 49, 51, 45, 62, 135, 62, 49, 48, 54, 207},
    {236, 182, 180, 180, 182, 183, 185, 153, 138, 140, 140, 140, 140, 140, 140, 140, 140, 140, 143, 98, 45, 48, 57, 52, 40, 122, 187, 154, 115, 105, 95, 72, 9, 23, 22, 29, 27, 83, 139, 137, 139, 155, 225, 158, 136, 138, 137, 137, 138, 139, 134, 170, 218, 143, 156, 226, 155, 133, 137, 134, 131, 132, 130, 157, 179, 54, 60, 62, 61, 61, 60, 60, 58, 132, 217, 124, 60, 61, 61, 62, 62, 63, 61, 63, 128, 143, 130, 124, 120, 105, 126, 128, 133, 100, 60, 61, 60, 59, 59, 59, 60, 59, 59, 59, 58, 57, 59, 59, 57, 57, 58, 58, 57, 57, 58, 56, 54, 54, 54, 54, 50, 68, 135, 61, 48, 47, 53, 206},
    {236, 182, 180, 180, 182, 183, 185, 152, 136, 140, 140, 140, 140, 140, 140, 140, 141, 142, 127, 55, 43, 44, 59, 41, 61, 168, 163, 178, 142, 120, 98, 57, 6, 21, 27, 30, 32, 66, 138, 135, 135, 176, 214, 141, 137, 137, 136, 136, 136, 139, 136, 147, 220, 160, 174, 213, 137, 135, 136, 132, 132, 132, 131, 157, 179, 54, 59, 61, 65, 63, 66, 91, 135, 208, 177, 104, 90, 64, 61, 62, 63, 64, 64, 63, 121, 142, 128, 126, 109, 109, 119, 125, 127, 93, 58, 61, 60, 59, 59, 59, 59, 60, 59, 59, 59, 59, 59, 59, 59, 58, 59, 57, 57, 57, 58, 57, 58, 58, 58, 56, 52, 69, 134, 61, 53, 52, 57, 207},
    {237, 182, 180, 180, 181, 182, 185, 151, 137, 140, 140, 140, 140, 140, 140, 140, 140, 142, 78, 39, 37, 41, 60, 42, 44, 155, 153, 167, 151, 134, 109, 45, 4, 17, 40, 28, 32, 50, 131, 137, 133, 192, 198, 134, 138, 137, 136, 135, 136, 138, 139, 138, 210, 179, 187, 198, 131, 135, 136, 132, 132, 133, 131, 157, 179, 54, 59, 60, 97, 110, 188, 210, 200, 143, 92, 100, 120, 67, 62, 63, 64, 65, 65, 75, 139, 137, 122, 107, 102, 97, 96, 111, 126, 83, 59, 61, 61, 60, 60, 59, 59, 60, 60, 60, 60, 60, 60, 60, 60, 60, 59, 59, 58, 58, 58, 57, 58, 58, 58, 57, 53, 71, 133, 61, 56, 56, 59, 207},
    {237, 182, 180, 180, 179, 180, 184, 150, 135, 138, 139, 140, 140, 140, 140, 140, 144, 123, 42, 39, 29, 41, 58, 50, 48, 143, 154, 146, 135, 117, 107, 26, 5, 14, 42, 28, 26, 31, 83, 136, 134, 199, 189, 133, 137, 137, 136, 136, 136, 137, 137, 149, 212, 222, 225, 209, 148, 134, 136, 133, 131, 133, 132, 157, 179, 54, 58, 66, 160, 145, 147, 85, 108, 116, 59, 120, 184, 78, 64, 65, 66, 70, 77, 154, 180, 132, 118, 112, 93, 98, 105, 103, 115, 67, 59, 61, 61, 62, 62, 60, 59, 60, 61, 60, 60, 60, 61, 61, 59, 59, 59, 59, 59, 59, 59, 57, 57, 57, 57, 57, 54, 72, 133, 60, 56, 57, 60, 207},
    {237, 182, 178, 181, 180, 181, 184, 149, 135, 138, 137, 139, 140, 140, 140, 140, 142, 79, 28, 32, 21, 45, 57, 51, 66, 141, 152, 122, 95, 76, 99, 25, 5, 20, 46, 36, 25, 35, 53, 122, 135, 200, 188, 133, 136, 136, 136, 136, 136, 135, 160, 218, 238, 225, 227, 237, 220, 161, 133, 134, 133, 132, 131, 178, 183, 55, 60, 64, 126, 101, 78, 71, 98, 95, 70, 108, 178, 93, 69, 85, 92, 112, 191, 231, 196, 131, 120, 114, 102, 107, 118, 108, 99, 59, 61, 61, 61, 62, 62, 61, 59, 59, 60, 62, 62, 62, 62, 63, 60, 59, 59, 59, 59, 59, 59, 57, 57, 57, 57, 57, 54, 74, 132, 58, 57, 57, 60, 208},
    {237, 183, 179, 180, 180, 182, 185, 146, 132, 135, 135, 137, 138, 138, 138, 141, 111, 33, 23, 27, 20, 45, 54, 52, 56, 128, 144, 107, 120, 129, 83, 40, 9, 27, 47, 46, 21, 31, 47, 98, 136, 195, 193, 132, 136, 136, 136, 136, 133, 151, 223, 215, 222, 183, 188, 219, 212, 223, 154, 133, 133, 129, 150, 233, 187, 56, 63, 59, 112, 124, 77, 62, 72, 70, 72, 73, 136, 129, 159, 210, 217, 226, 235, 221, 204, 135, 119, 123, 120, 121, 120, 123, 87, 58, 62, 61, 61, 62, 62, 61, 59, 60, 61, 62, 62, 62, 61, 61, 60, 60, 59, 59, 60, 59, 59, 57, 57, 57, 57, 57, 54, 74, 133, 57, 56, 56, 60, 208},
    {237, 183, 180, 180, 180, 181, 185, 145, 132, 136, 136, 136, 136, 136, 137, 139, 68, 25, 28, 27, 22, 63, 54, 51, 61, 129, 137, 114, 124, 135, 94, 73, 20, 37, 46, 49, 32, 23, 46, 93, 136, 179, 208, 133, 135, 135, 136, 135, 135, 200, 216, 153, 216, 165, 169, 216, 151, 212, 204, 136, 130, 132, 201, 232, 182, 58, 63, 58, 126, 145, 68, 77, 82, 86, 71, 85, 137, 177, 233, 240, 239, 231, 226, 222, 210, 155, 107, 118, 116, 114, 115, 125, 83, 60, 62, 62, 62, 62, 62, 61, 60, 61, 61, 62, 62, 62, 60, 60, 61, 60, 60, 60, 62, 60, 59, 57, 57, 57, 57, 58, 54, 76, 132, 57, 57, 56, 60, 207},
    {237, 182, 180, 180, 180, 181, 183, 145, 131, 136, 136, 136, 136, 136, 139, 116, 32, 27, 28, 24, 31, 91, 52, 53, 49, 94, 130, 110, 99, 96, 108, 82, 16, 39, 49, 47, 47, 21, 41, 101, 136, 157, 222, 149, 132, 136, 136, 132, 158, 228, 159, 156, 223, 146, 149, 222, 153, 159, 228, 161, 129, 155, 223, 185, 178, 58, 62, 56, 122, 158, 93, 107, 150, 145, 63, 81, 147, 170, 201, 209, 231, 229, 226, 221, 212, 184, 117, 95, 112, 119, 120, 128, 88, 64, 63, 63, 62, 62, 62, 62, 62, 61, 62, 62, 62, 62, 61, 61, 61, 61, 61, 61, 62, 61, 61, 59, 58, 58, 58, 58, 54, 76, 128, 56, 58, 56, 59, 207},
    {237, 182, 179, 180, 180, 180, 182, 144, 131, 136, 136, 136, 136, 136, 141, 88, 20, 25, 25, 19, 29, 91, 51, 52, 45, 42, 115, 117, 68, 64, 119, 55, 16, 44, 54, 45, 52, 29, 38, 110, 135, 139, 216, 185, 129, 135, 135, 131, 189, 207, 133, 195, 206, 134, 134, 204, 197, 132, 205, 193, 126, 186, 203, 157, 181, 58, 62, 60, 70, 83, 67, 103, 171, 165, 63, 94, 161, 162, 185, 188, 209, 224, 225, 227, 219, 194, 148, 93, 99, 114, 120, 143, 180, 82, 63, 65, 63, 62, 62, 62, 62, 62, 62, 62, 62, 63, 62, 62, 62, 62, 62, 62, 62, 62, 61, 60, 59, 61, 62, 60, 55, 80, 125, 56, 59, 56, 59, 206},
    {237, 182, 179, 180, 180, 179, 182, 144, 130, 136, 135, 135, 136, 136, 137, 121, 44, 20, 24, 18, 24, 84, 48, 49, 43, 38, 90, 97, 99, 102, 95, 18, 19, 49, 56, 48, 50, 43, 39, 115, 136, 132, 177, 223, 152, 131, 135, 137, 210, 179, 159, 227, 168, 132, 131, 164, 227, 168, 173, 211, 135, 207, 179, 175, 184, 58, 61, 62, 61, 60, 58, 82, 135, 138, 98, 106, 166, 153, 168, 184, 187, 216, 222, 227, 219, 193, 161, 139, 108, 105, 116, 147, 232, 184, 92, 69, 65, 65, 63, 61, 61, 63, 62, 62, 63, 64, 62, 62, 60, 62, 62, 62, 62, 62, 61, 59, 60, 61, 61, 60, 55, 84, 124, 56, 59, 57, 62, 207},
    {236, 181, 179, 180, 180, 180, 183, 144, 129, 135, 133, 135, 136, 136, 135, 138, 120, 44, 21, 17, 21, 68, 45, 46, 37, 29, 109, 85, 95, 100, 85, 17, 19, 51, 57, 53, 48, 49, 37, 93, 137, 134, 139, 209, 220, 161, 136, 140, 217, 188, 219, 204, 137, 133, 134, 135, 197, 227, 192, 217, 154, 216, 200, 230, 186, 57, 61, 62, 62, 63, 62, 71, 114, 113, 117, 114, 143, 125, 151, 169, 175, 209, 214, 221, 220, 208, 172, 165, 164, 132, 117, 158, 226, 238, 209, 114, 69, 67, 63, 61, 61, 62, 62, 62, 63, 63, 62, 62, 61, 62, 62, 62, 62, 62, 62, 61, 61, 61, 61, 59, 56, 84, 121, 55, 59, 58, 62, 206},
    {237, 181, 178, 179, 181, 181, 183, 144, 129, 135, 132, 135, 136, 136, 136, 136, 137, 123, 63, 16, 16, 63, 46, 46, 35, 29, 86, 110, 100, 108, 83, 16, 19, 49, 56, 55, 50, 50, 45, 70, 133, 136, 133, 152, 216, 228, 200, 193, 230, 233, 212, 149, 133, 133, 135, 134, 141, 199, 235, 231, 209, 230, 231, 220, 182, 58, 62, 62, 62, 63, 63, 63, 94, 109, 115, 122, 143, 117, 133, 154, 162, 199, 207, 215, 220, 215, 198, 177, 176, 183, 186, 200, 225, 232, 240, 220, 102, 65, 64, 62, 63, 62, 62, 62, 63, 63, 62, 62, 62, 62, 62, 62, 62, 62, 62, 62, 61, 61, 61, 60, 58, 88, 120, 58, 59, 59, 62, 206},
    {237, 180, 177, 178, 179, 179, 181, 143, 129, 132, 132, 134, 136, 136, 136, 136, 136, 138, 127, 41, 17, 86, 47, 46, 38, 22, 39, 82, 81, 93, 65, 16, 18, 44, 54, 54, 53, 51, 52, 60, 120, 137, 134, 133, 148, 196, 222, 230, 234, 196, 147, 133, 136, 135, 132, 132, 130, 136, 181, 233, 225, 231, 184, 159, 178, 60, 64, 64, 64, 63, 63, 64, 70, 89, 105, 120, 160, 117, 119, 140, 157, 194, 201, 209, 217, 216, 210, 189, 182, 191, 208, 210, 222, 227, 235, 242, 196, 82, 65, 63, 63, 64, 63, 64, 64, 62, 63, 64, 64, 64, 64, 64, 64, 64, 62, 62, 61, 61, 62, 62, 59, 89, 115, 56, 59, 60, 64, 207},
    {237, 180, 177, 177, 177, 178, 181, 143, 129, 132, 132, 134, 136, 136, 136, 136, 136, 136, 138, 93, 25, 86, 44, 47, 40, 24, 32, 101, 99, 98, 55, 14, 20, 42, 52, 52, 58, 72, 51, 44, 100, 137, 133, 136, 132, 135, 146, 160, 220, 156, 131, 134, 134, 134, 132, 132, 132, 128, 143, 222, 163, 214, 160, 148, 179, 60, 64, 64, 65, 65, 65, 65, 69, 71, 58, 79, 150, 113, 116, 130, 155, 190, 193, 201, 217, 218, 215, 201, 190, 201, 208, 209, 216, 226, 233, 235, 239, 147, 63, 64, 63, 63, 64, 65, 65, 64, 64, 64, 63, 63, 63, 63, 63, 63, 63, 63, 61, 61, 62, 62, 58, 90, 115, 55, 60, 61, 66, 207},
    {237, 180, 177, 178, 178, 179, 180, 141, 129, 132, 132, 134, 136, 136, 136, 135, 134, 136, 135, 127, 41, 52, 45, 50, 38, 30, 30, 87, 103, 97, 42, 16, 27, 43, 49, 50, 58, 118, 85, 48, 80, 134, 133, 135, 133, 132, 130, 134, 211, 170, 133, 134, 132, 132, 132, 132, 132, 130, 161, 219, 138, 204, 180, 149, 184, 67, 70, 68, 66, 63, 64, 64, 67, 61, 52, 67, 117, 108, 113, 126, 156, 184, 190, 197, 214, 218, 218, 211, 198, 205, 204, 202, 222, 227, 230, 233, 237, 208, 78, 64, 63, 64, 65, 66, 67, 67, 65, 65, 63, 63, 63, 63, 63, 64, 64, 63, 63, 62, 62, 62, 58, 91, 110, 55, 61, 62, 66, 207},
    {235, 180, 179, 180, 180, 177, 180, 140, 128, 132, 132, 134, 136, 136, 136, 135, 135, 136, 135, 136, 58, 37, 49, 47, 35, 33, 26, 28, 35, 35, 21, 18, 30, 41, 48, 48, 51, 107, 117, 65, 60, 124, 133, 133, 134, 132, 131, 132, 197, 198, 132, 136, 134, 132, 132, 132, 132, 131, 189, 207, 130, 183, 207, 152, 202, 130, 130, 123, 117, 112, 107, 104, 98, 95, 92, 103, 96, 103, 113, 123, 165, 183, 186, 192, 210, 219, 219, 216, 206, 203, 213, 215, 220, 225, 229, 233, 235, 235, 109, 64, 64, 65, 68, 68, 67, 66, 67, 67, 64, 63, 64, 65, 65, 65, 65, 65, 65, 64, 63, 64, 59, 92, 106, 57, 63, 62, 65, 207},
    {235, 180, 179, 181, 180, 178, 180, 140, 128, 132, 132, 134, 136, 136, 136, 136, 136, 136, 135, 136, 69, 38, 51, 40, 32, 35, 26, 24, 23, 18, 18, 22, 34, 38, 46, 45, 49, 82, 110, 72, 58, 107, 135, 132, 133, 132, 132, 129, 167, 222, 147, 132, 133, 132, 132, 134, 132, 140, 218, 176, 127, 153, 222, 180, 203, 135, 137, 137, 139, 138, 136, 131, 131, 133, 132, 156, 126, 110, 117, 126, 174, 184, 188, 189, 207, 220, 220, 217, 218, 207, 207, 220, 220, 225, 230, 233, 234, 240, 155, 64, 67, 66, 68, 69, 67, 65, 67, 65, 64, 63, 65, 65, 65, 66, 65, 66, 66, 64, 63, 63, 60, 94, 106, 57, 64, 63, 66, 208},
    {236, 180, 177, 181, 180, 179, 180, 141, 127, 132, 132, 134, 136, 136, 136, 136, 136, 135, 135, 136, 69, 41, 52, 31, 31, 36, 29, 26, 25, 23, 19, 20, 32, 38, 44, 44, 39, 95, 169, 78, 71, 92, 133, 132, 132, 132, 132, 131, 139, 215, 196, 133, 132, 132, 132, 133, 133, 184, 221, 145, 130, 131, 200, 228, 206, 132, 135, 135, 135, 137, 134, 127, 127, 129, 130, 158, 141, 110, 115, 137, 180, 181, 188, 189, 205, 216, 220, 216, 221, 216, 205, 218, 225, 226, 230, 231, 234, 235, 200, 105, 100, 99, 98, 97, 90, 86, 85, 82, 75, 70, 70, 73, 71, 71, 69, 68, 66, 64, 63, 62, 59, 96, 106, 56, 63, 63, 67, 208},
    {237, 181, 178, 181, 180, 179, 179, 144, 129, 132, 132, 134, 136, 136, 136, 136, 136, 135, 136, 138, 84, 43, 48, 28, 32, 36, 33, 27, 27, 23, 19, 21, 29, 36, 42, 44, 35, 60, 178, 86, 64, 74, 125, 133, 132, 132, 132, 132, 129, 169, 230, 183, 139, 132, 131, 136, 177, 231, 180, 132, 133, 130, 152, 231, 209, 129, 134, 134, 133, 134, 132, 127, 126, 130, 129, 157, 155, 108, 108, 155, 180, 179, 186, 188, 201, 212, 222, 217, 220, 218, 209, 211, 227, 228, 230, 231, 231, 230, 218, 144, 126, 129, 136, 140, 133, 130, 128, 127, 121, 111, 105, 115, 116, 112, 107, 100, 93, 93, 91, 85, 78, 110, 109, 65, 70, 67, 72, 211},
    {237, 181, 178, 180, 181, 180, 179, 144, 130, 133, 132, 134, 136, 136, 136, 136, 136, 135, 136, 138, 112, 47, 45, 27, 36, 34, 31, 27, 27, 27, 24, 23, 30, 34, 40, 47, 40, 36, 55, 61, 60, 62, 111, 134, 132, 132, 132, 132, 132, 136, 186, 231, 207, 182, 179, 204, 233, 197, 134, 130, 133, 132, 129, 178, 208, 129, 132, 131, 131, 134, 131, 127, 129, 128, 127, 157, 156, 99, 122, 171, 176, 177, 183, 188, 198, 208, 221, 219, 221, 218, 214, 208, 220, 229, 230, 232, 230, 229, 221, 148, 125, 132, 141, 137, 127, 121, 120, 126, 126, 123, 116, 127, 136, 135, 134, 130, 124, 127, 124, 122, 119, 119, 119, 117, 116, 112, 111, 218},
    {237, 180, 178, 180, 181, 179, 179, 144, 131, 134, 132, 134, 136, 136, 136, 136, 136, 136, 136, 137, 132, 65, 38, 27, 37, 34, 32, 29, 27, 29, 26, 24, 29, 33, 37, 44, 41, 41, 39, 44, 57, 59, 91, 135, 132, 132, 132, 132, 132, 133, 135, 175, 218, 228, 229, 222, 186, 139, 127, 130, 131, 131, 128, 153, 204, 127, 130, 132, 131, 132, 131, 128, 128, 129, 127, 154, 144, 94, 153, 179, 177, 178, 181, 190, 197, 205, 217, 211, 197, 222, 218, 213, 211, 224, 231, 234, 229, 228, 220, 164, 132, 127, 122, 123, 122, 121, 121, 125, 125, 123, 118, 127, 133, 135, 134, 133, 133, 134, 135, 124, 118, 116, 118, 121, 124, 121, 118, 221},
    {236, 179, 176, 179, 180, 179, 178, 143, 131, 132, 132, 133, 133, 133, 135, 136, 136, 136, 136, 135, 137, 88, 33, 26, 36, 36, 35, 31, 28, 27, 25, 25, 28, 31, 36, 41, 43, 41, 41, 43, 53, 67, 76, 129, 133, 132, 132, 132, 132, 133, 132, 130, 147, 161, 161, 148, 134, 131, 131, 131, 129, 129, 128, 151, 203, 126, 129, 131, 131, 129, 131, 128, 128, 129, 128, 154, 153, 161, 184, 178, 176, 177, 180, 188, 197, 203, 214, 192, 118, 225, 218, 221, 211, 218, 230, 233, 233, 229, 218, 162, 125, 121, 119, 123, 125, 123, 123, 121, 121, 123, 122, 128, 130, 133, 134, 135, 134, 133, 135, 132, 123, 117, 119, 120, 121, 117, 118, 221},
    {236, 178, 174, 178, 180, 179, 178, 144, 130, 132, 132, 132, 132, 132, 134, 135, 135, 136, 135, 134, 137, 92, 26, 24, 36, 37, 35, 32, 28, 27, 26, 25, 27, 29, 35, 37, 43, 41, 41, 40, 48, 64, 87, 138, 132, 132, 132, 132, 132, 132, 132, 133, 132, 129, 129, 131, 133, 132, 131, 130, 129, 129, 127, 150, 203, 127, 129, 130, 129, 129, 131, 128, 128, 129, 128, 144, 171, 180, 178, 177, 174, 177, 182, 190, 198, 203, 211, 200, 101, 203, 219, 219, 215, 213, 227, 233, 199, 219, 217, 156, 129, 124, 120, 123, 126, 126, 123, 121, 119, 122, 125, 129, 129, 130, 132, 134, 134, 134, 134, 133, 134, 125, 115, 119, 119, 116, 120, 222},
    {237, 178, 174, 178, 180, 179, 178, 144, 130, 132, 132, 132, 132, 132, 132, 132, 134, 135, 132, 131, 137, 97, 23, 26, 34, 37, 36, 37, 30, 24, 22, 26, 26, 27, 35, 36, 44, 40, 40, 39, 43, 56, 78, 145, 132, 132, 132, 132, 132, 132, 132, 133, 132, 133, 132, 132, 132, 130, 129, 129, 132, 130, 127, 150, 204, 126, 127, 129, 129, 129, 129, 130, 128, 130, 129, 129, 166, 185, 178, 176, 175, 180, 182, 191, 197, 203, 210, 191, 114, 168, 223, 219, 219, 213, 219, 230, 187, 194, 221, 161, 130, 127, 122, 122, 125, 125, 122, 120, 119, 120, 132, 132, 129, 129, 130, 133, 135, 134, 134, 134, 133, 132, 123, 113, 115, 114, 117, 222},
    {236, 178, 175, 179, 181, 180, 179, 140, 128, 132, 132, 132, 132, 132, 132, 132, 133, 133, 132, 131, 137, 99, 21, 28, 31, 36, 38, 40, 31, 22, 20, 24, 27, 27, 36, 35, 43, 40, 40, 37, 38, 49, 65, 133, 135, 132, 132, 132, 132, 132, 132, 134, 133, 132, 132, 132, 131, 131, 131, 131, 132, 131, 128, 150, 203, 124, 123, 127, 127, 129, 130, 130, 128, 130, 131, 128, 158, 192, 178, 178, 176, 181, 183, 190, 195, 203, 206, 217, 174, 135, 224, 221, 221, 219, 217, 226, 194, 184, 223, 172, 126, 127, 123, 123, 122, 121, 121, 122, 120, 118, 129, 135, 131, 130, 130, 131, 133, 133, 134, 133, 133, 131, 130, 123, 113, 115, 117, 221},
    {236, 178, 175, 178, 177, 178, 181, 137, 128, 132, 132, 132, 132, 132, 132, 132, 132, 132, 132, 131, 136, 97, 19, 30, 29, 34, 39, 39, 29, 25, 21, 23, 27, 27, 36, 32, 37, 42, 41, 39, 37, 46, 57, 121, 137, 132, 132, 132, 132, 132, 132, 132, 132, 132, 132, 132, 131, 131, 131, 131, 131, 131, 128, 151, 201, 120, 123, 124, 126, 128, 129, 129, 128, 127, 129, 129, 146, 197, 178, 181, 180, 182, 184, 190, 192, 203, 204, 208, 224, 201, 220, 220, 222, 226, 224, 224, 202, 170, 217, 186, 125, 125, 124, 121, 120, 118, 121, 123, 122, 121, 126, 135, 133, 131, 131, 130, 131, 133, 134, 133, 133, 132, 128, 130, 120, 114, 117, 220},
    {236, 177, 175, 178, 178, 178, 182, 137, 127, 132, 132, 132, 132, 132, 132, 132, 132, 131, 132, 133, 135, 90, 18, 29, 27, 37, 41, 37, 27, 23, 21, 25, 29, 26, 36, 33, 35, 42, 41, 41, 38, 44, 51, 94, 135, 132, 132, 132, 131, 131, 131, 131, 131, 131, 131, 131, 131, 131, 131, 131, 131, 131, 127, 150, 200, 121, 124, 124, 125, 125, 127, 127, 126, 125, 128, 128, 140, 196, 184, 182, 181, 182, 182, 189, 192, 204, 204, 207, 222, 221, 216, 220, 222, 223, 224, 223, 220, 202, 214, 194, 128, 126, 124, 121, 121, 118, 119, 120, 123, 121, 129, 134, 132, 132, 132, 130, 129, 130, 132, 132, 132, 130, 127, 127, 127, 116, 115, 221},
    {236, 178, 175, 178, 178, 178, 182, 137, 127, 132, 132, 132, 132, 132, 132, 132, 132, 132, 132, 132, 136, 85, 18, 29, 29, 41, 39, 32, 25, 20, 19, 24, 28, 25, 35, 34, 34, 42, 41, 40, 39, 40, 46, 80, 136, 130, 132, 132, 131, 131, 131, 131, 131, 131, 130, 130, 130, 130, 130, 130, 131, 131, 127, 150, 200, 120, 123, 124, 124, 123, 125, 127, 126, 124, 125, 126, 137, 190, 190, 184, 179, 182, 180, 187, 193, 202, 203, 205, 218, 224, 213, 217, 218, 217, 221, 222, 222, 205, 211, 205, 138, 125, 123, 122, 123, 120, 117, 119, 122, 121, 133, 133, 132, 134, 134, 132, 131, 131, 131, 132, 131, 127, 125, 123, 123, 125, 115, 219},
    {236, 178, 175, 178, 178, 178, 181, 138, 127, 132, 131, 132, 132, 132, 132, 132, 132, 133, 132, 132, 136, 79, 18, 29, 31, 43, 39, 33, 24, 19, 22, 25, 27, 25, 34, 36, 31, 41, 41, 39, 38, 39, 44, 61, 128, 131, 131, 131, 131, 131, 131, 131, 131, 131, 129, 129, 129, 129, 129, 130, 131, 131, 126, 150, 200, 119, 121, 123, 122, 121, 123, 127, 124, 123, 125, 123, 136, 191, 192, 187, 181, 183, 181, 189, 196, 200, 207, 157, 131, 189, 220, 216, 216, 217, 216, 218, 223, 222, 211, 204, 142, 125, 123, 121, 122, 124, 121, 118, 119, 119, 135, 134, 133, 134, 134, 132, 131, 131, 131, 130, 130, 126, 123, 120, 120, 124, 121, 219},
    {234, 177, 175, 178, 178, 178, 182, 139, 127, 133, 133, 132, 132, 132, 132, 132, 132, 131, 132, 132, 136, 74, 18, 28, 31, 42, 39, 32, 23, 22, 24, 24, 25, 25, 33, 37, 28, 40, 41, 39, 38, 37, 38, 55, 125, 131, 131, 131, 131, 129, 130, 131, 131, 131, 131, 131, 131, 131, 129, 130, 131, 131, 127, 151, 200, 119, 121, 121, 121, 121, 121, 122, 122, 121, 123, 124, 136, 197, 191, 190, 187, 186, 184, 190, 197, 199, 205, 187, 121, 179, 218, 215, 216, 215, 215, 214, 219, 225, 216, 204, 149, 121, 121, 120, 118, 121, 121, 120, 118, 116, 132, 133, 135, 132, 132, 131, 129, 129, 129, 127, 123, 124, 124, 119, 117, 120, 124, 222},
    {234, 176, 174, 178, 178, 178, 180, 138, 127, 132, 132, 132, 132, 132, 132, 132, 132, 132, 132, 132, 136, 74, 17, 28, 32, 42, 41, 29, 22, 24, 26, 25, 26, 25, 33, 38, 28, 38, 43, 40, 39, 36, 36, 58, 128, 132, 132, 131, 131, 129, 130, 131, 132, 132, 131, 131, 130, 130, 129, 129, 132, 131, 126, 151, 201, 118, 120, 121, 120, 121, 121, 122, 121, 121, 123, 123, 137, 201, 191, 194, 188, 187, 186, 191, 198, 199, 204, 206, 146, 213, 197, 149, 175, 214, 208, 217, 220, 219, 219, 215, 166, 117, 118, 119, 118, 117, 122, 131, 136, 127, 113, 118, 134, 137, 133, 131, 131, 131, 129, 121, 117, 117, 121, 118, 115, 116, 124, 221},
    {235, 176, 175, 178, 178, 178, 180, 136, 127, 133, 131, 131, 132, 132, 131, 133, 131, 131, 130, 130, 134, 75, 20, 28, 34, 43, 38, 25, 26, 28, 27, 24, 26, 25, 31, 39, 28, 34, 43, 41, 38, 34, 26, 63, 132, 133, 132, 131, 131, 130, 130, 131, 130, 131, 131, 131, 129, 130, 129, 129, 131, 130, 127, 150, 200, 116, 117, 119, 120, 121, 120, 121, 121, 121, 123, 123, 136, 201, 197, 195, 188, 188, 196, 192, 198, 198, 205, 204, 138, 202, 191, 162, 153, 202, 181, 175, 199, 205, 202, 218, 188, 117, 117, 125, 132, 129, 130, 133, 137, 132, 116, 115, 116, 122, 129, 135, 133, 133, 128, 121, 120, 117, 117, 116, 113, 113, 123, 220},
    {235, 178, 176, 176, 176, 176, 180, 136, 126, 132, 130, 131, 132, 132, 131, 131, 130, 129, 129, 129, 132, 78, 21, 30, 37, 43, 37, 26, 29, 32, 26, 26, 26, 25, 31, 40, 31, 33, 42, 39, 37, 35, 20, 73, 135, 132, 131, 130, 130, 131, 130, 131, 131, 129, 130, 132, 131, 132, 130, 130, 130, 131, 129, 153, 200, 114, 117, 117, 119, 120, 117, 120, 121, 121, 121, 122, 135, 196, 202, 194, 189, 191, 193, 192, 198, 198, 202, 210, 141, 191, 186, 178, 177, 194, 176, 173, 169, 162, 148, 213, 201, 132, 124, 122, 126, 131, 132, 134, 134, 125, 118, 118, 116, 113, 113, 122, 132, 130, 121, 123, 123, 122, 117, 113, 115, 116, 121, 219},
    {235, 180, 177, 178, 178, 179, 183, 135, 125, 133, 132, 132, 134, 134, 133, 133, 132, 132, 131, 131, 134, 84, 22, 31, 37, 43, 37, 32, 34, 32, 27, 27, 26, 23, 31, 38, 32, 32, 41, 41, 37, 34, 20, 86, 132, 127, 127, 126, 126, 127, 124, 125, 124, 124, 122, 121, 121, 122, 122, 121, 120, 119, 119, 145, 200, 113, 117, 118, 119, 119, 118, 119, 118, 118, 120, 120, 131, 197, 202, 197, 192, 192, 193, 192, 199, 199, 199, 209, 140, 192, 189, 177, 139, 185, 180, 175, 161, 133, 192, 211, 210, 156, 128, 126, 127, 129, 129, 132, 131, 121, 118, 120, 118, 115, 113, 113, 119, 125, 118, 117, 119, 119, 117, 117, 117, 116, 118, 219},
    {233, 161, 157, 161, 162, 165, 167, 130, 114, 116, 116, 116, 116, 116, 112, 113, 112, 115, 114, 115, 118, 79, 26, 32, 36, 45, 37, 33, 35, 30, 28, 28, 28, 23, 27, 37, 32, 29, 39, 42, 39, 33, 20, 71, 94, 88, 88, 88, 90, 91, 90, 89, 88, 90, 87, 86, 88, 89, 89, 87, 87, 87, 87, 119, 199, 111, 116, 117, 118, 118, 118, 118, 118, 118, 119, 119, 127, 196, 202, 201, 191, 198, 193, 194, 200, 200, 198, 206, 143, 198, 162, 181, 167, 156, 201, 186, 177, 138, 193, 212, 216, 168, 131, 132, 129, 127, 127, 129, 130, 121, 117, 116, 118, 117, 114, 114, 114, 118, 117, 116, 119, 117, 118, 118, 116, 114, 119, 221},
    {220, 86, 79, 80, 81, 82, 82, 91, 86, 77, 77, 79, 80, 80, 80, 79, 80, 82, 82, 82, 85, 66, 28, 33, 38, 46, 36, 31, 35, 31, 30, 29, 28, 23, 26, 37, 33, 27, 38, 43, 39, 31, 19, 74, 97, 96, 94, 95, 96, 98, 100, 99, 99, 98, 100, 101, 100, 102, 103, 102, 101, 102, 98, 129, 197, 110, 115, 115, 115, 117, 118, 118, 118, 117, 116, 117, 126, 193, 204, 201, 191, 200, 193, 197, 200, 200, 195, 208, 195, 200, 167, 160, 201, 171, 200, 195, 181, 164, 186, 207, 207, 178, 136, 131, 131, 129, 128, 129, 128, 117, 115, 114, 115, 115, 116, 114, 114, 116, 116, 116, 117, 117, 117, 116, 116, 115, 117, 219},
    {221, 91, 84, 83, 83, 83, 81, 88, 90, 89, 90, 90, 90, 91, 92, 93, 93, 93, 93, 92, 97, 78, 30, 33, 40, 46, 36, 31, 35, 35, 34, 32, 28, 23, 26, 37, 36, 27, 36, 43, 39, 31, 21, 82, 99, 98, 100, 99, 99, 100, 100, 100, 101, 102, 103, 104, 104, 105, 106, 104, 102, 103, 100, 130, 198, 110, 113, 114, 113, 115, 118, 118, 118, 117, 115, 116, 121, 190, 206, 200, 194, 199, 195, 196, 199, 202, 197, 202, 217, 199, 197, 221, 206, 182, 187, 198, 177, 195, 203, 206, 175, 163, 143, 129, 131, 130, 130, 130, 128, 114, 114, 114, 113, 115, 117, 114, 115, 117, 116, 113, 113, 117, 117, 115, 116, 114, 116, 219},
    {226, 125, 120, 121, 121, 120, 119, 113, 107, 109, 110, 108, 107, 108, 109, 108, 109, 108, 109, 108, 111, 96, 33, 33, 42, 43, 37, 34, 35, 37, 36, 33, 29, 24, 24, 37, 36, 27, 33, 41, 40, 35, 23, 95, 112, 111, 110, 111, 111, 111, 110, 111, 112, 113, 115, 116, 117, 116, 116, 115, 115, 115, 112, 141, 197, 109, 113, 113, 113, 114, 114, 117, 118, 117, 115, 115, 117, 180, 209, 198, 197, 200, 193, 195, 200, 204, 199, 195, 214, 204, 197, 209, 225, 216, 203, 199, 181, 192, 190, 180, 176, 166, 142, 127, 129, 130, 129, 131, 129, 115, 114, 114, 113, 115, 115, 116, 119, 118, 117, 114, 113, 114, 116, 115, 116, 113, 115, 219},
    {228, 132, 126, 127, 126, 127, 127, 119, 114, 114, 115, 114, 114, 115, 115, 114, 114, 114, 114, 115, 116, 105, 37, 35, 43, 43, 38, 36, 37, 35, 33, 33, 30, 24, 23, 35, 36, 28, 32, 42, 41, 40, 27, 101, 117, 115, 116, 117, 116, 116, 117, 117, 117, 118, 120, 120, 121, 121, 119, 120, 121, 122, 120, 148, 197, 108, 112, 113, 113, 112, 114, 115, 118, 116, 114, 116, 114, 168, 211, 194, 199, 199, 189, 194, 200, 203, 194, 192, 213, 205, 199, 204, 222, 218, 224, 223, 209, 209, 157, 152, 170, 171, 159, 128, 127, 128, 129, 131, 127, 115, 114, 113, 113, 113, 112, 117, 120, 117, 117, 114, 114, 113, 113, 113, 112, 110, 116, 220},
    {230, 142, 137, 138, 139, 136, 133, 127, 125, 126, 126, 126, 125, 123, 124, 125, 126, 125, 124, 124, 125, 118, 41, 35, 40, 43, 38, 36, 35, 29, 31, 35, 30, 22, 23, 36, 36, 28, 29, 41, 42, 37, 34, 120, 134, 131, 134, 134, 135, 137, 138, 138, 137, 137, 137, 137, 137, 140, 142, 142, 140, 140, 138, 163, 200, 107, 112, 112, 113, 113, 114, 115, 117, 115, 115, 115, 113, 160, 209, 194, 202, 200, 194, 193, 198, 204, 194, 190, 207, 211, 199, 198, 216, 225, 219, 225, 222, 218, 145, 152, 166, 155, 164, 135, 126, 126, 127, 129, 126, 114, 112, 113, 113, 113, 112, 112, 117, 116, 112, 113, 116, 112, 112, 112, 110, 108, 112, 220},
    {232, 149, 146, 146, 147, 147, 145, 141, 138, 136, 136, 136, 137, 136, 138, 137, 137, 137, 138, 138, 139, 129, 44, 28, 32, 43, 38, 30, 26, 26, 31, 35, 32, 20, 23, 34, 36, 30, 28, 39, 43, 39, 38, 125, 139, 138, 140, 141, 142, 144, 144, 144, 143, 144, 144, 144, 143, 146, 147, 147, 145, 145, 142, 167, 199, 106, 111, 109, 112, 113, 114, 114, 115, 116, 115, 114, 111, 151, 207, 196, 202, 200, 196, 195, 197, 203, 199, 194, 198, 210, 200, 200, 207, 225, 220, 218, 218, 204, 135, 141, 168, 166, 164, 138, 126, 127, 126, 128, 118, 108, 112, 113, 112, 113, 113, 113, 114, 108, 108, 114, 119, 110, 109, 111, 104, 106, 142, 228},
    {233, 150, 147, 146, 146, 146, 145, 142, 138, 136, 136, 137, 137, 137, 138, 137, 137, 138, 138, 138, 141, 125, 42, 27, 31, 42, 38, 33, 27, 24, 23, 25, 28, 21, 22, 30, 36, 33, 27, 37, 44, 42, 47, 129, 138, 139, 140, 141, 141, 142, 142, 143, 142, 142, 143, 143, 145, 146, 146, 145, 145, 145, 143, 166, 199, 105, 109, 108, 109, 111, 113, 113, 112, 114, 114, 114, 112, 136, 206, 200, 203, 199, 198, 195, 197, 206, 201, 196, 194, 210, 202, 202, 202, 217, 223, 218, 217, 213, 139, 138, 161, 160, 166, 154, 125, 128, 127, 128, 116, 105, 108, 113, 111, 112, 113, 113, 113, 108, 109, 115, 120, 115, 106, 104, 115, 157, 173, 228},
    {232, 150, 146, 146, 146, 146, 145, 141, 138, 135, 136, 136, 136, 136, 135, 136, 136, 135, 135, 135, 137, 129, 50, 27, 34, 43, 36, 29, 26, 24, 24, 23, 21, 31, 23, 28, 36, 34, 26, 35, 44, 44, 60, 136, 139, 140, 141, 143, 142, 142, 142, 143, 142, 142, 143, 143, 143, 144, 145, 144, 146, 147, 143, 166, 199, 104, 107, 107, 106, 107, 110, 114, 113, 113, 113, 114, 112, 122, 196, 203, 203, 198, 201, 195, 195, 206, 204, 195, 188, 204, 207, 201, 202, 209, 222, 218, 221, 223, 144, 135, 173, 166, 160, 153, 127, 128, 129, 129, 124, 121, 112, 108, 111, 112, 112, 111, 111, 107, 111, 114, 117, 118, 109, 127, 172, 178, 171, 227},
    {232, 151, 145, 146, 146, 145, 145, 141, 138, 135, 136, 136, 136, 136, 136, 136, 136, 136, 136, 136, 136, 137, 59, 22, 34, 46, 35, 26, 25, 24, 22, 20, 21, 31, 25, 28, 36, 36, 24, 33, 44, 45, 62, 134, 141, 140, 140, 143, 142, 142, 142, 143, 142, 142, 142, 143, 144, 142, 142, 142, 144, 146, 143, 166, 199, 102, 106, 105, 107, 107, 109, 112, 111, 110, 113, 112, 111, 117, 192, 210, 202, 198, 202, 196, 193, 206, 207, 198, 189, 200, 208, 201, 203, 203, 220, 222, 217, 221, 146, 137, 165, 164, 168, 162, 130, 126, 127, 128, 129, 129, 128, 115, 108, 110, 110, 111, 109, 107, 111, 114, 115, 113, 123, 176, 174, 173, 171, 228},
    {232, 150, 144, 145, 146, 145, 143, 141, 137, 136, 136, 136, 136, 136, 136, 136, 136, 136, 136, 136, 136, 140, 83, 23, 36, 51, 27, 25, 26, 23, 19, 16, 20, 32, 25, 27, 36, 36, 24, 29, 43, 42, 47, 124, 141, 140, 141, 142, 142, 142, 142, 142, 142, 142, 142, 144, 146, 145, 145, 145, 145, 146, 143, 164, 198, 102, 106, 106, 107, 107, 106, 108, 108, 108, 112, 112, 112, 117, 189, 210, 203, 198, 200, 197, 195, 204, 212, 204, 193, 198, 212, 201, 206, 206, 215, 219, 215, 213, 147, 133, 162, 164, 158, 137, 128, 127, 125, 127, 128, 127, 130, 128, 118, 110, 110, 110, 108, 108, 111, 112, 114, 109, 109, 167, 172, 172, 170, 228},
    {232, 150, 144, 145, 146, 145, 143, 140, 137, 136, 136, 136, 136, 136, 136, 136, 136, 136, 136, 136, 136, 140, 98, 24, 44, 47, 26, 26, 25, 23, 19, 17, 20, 28, 25, 27, 35, 36, 24, 28, 42, 45, 39, 111, 141, 140, 142, 142, 142, 142, 142, 142, 142, 142, 142, 145, 146, 146, 146, 146, 146, 146, 142, 163, 198, 101, 104, 103, 103, 106, 107, 106, 107, 111, 112, 111, 111, 116, 181, 208, 200, 199, 200, 200, 198, 202, 210, 205, 198, 193, 210, 206, 208, 210, 209, 219, 214, 207, 147, 133, 147, 164, 140, 121, 129, 130, 128, 126, 124, 125, 130, 130, 128, 116, 107, 109, 110, 110, 109, 107, 106, 109, 106, 159, 172, 167, 169, 227},
    {232, 150, 144, 145, 145, 144, 143, 140, 137, 136, 136, 136, 136, 136, 136, 136, 136, 136, 136, 136, 136, 140, 105, 26, 46, 38, 26, 26, 25, 20, 17, 18, 23, 31, 30, 33, 36, 36, 27, 24, 41, 52, 42, 100, 142, 139, 140, 141, 142, 142, 142, 142, 142, 142, 142, 143, 146, 146, 146, 146, 146, 146, 142, 163, 197, 100, 102, 103, 102, 104, 107, 107, 108, 110, 112, 112, 112, 112, 175, 215, 203, 205, 201, 199, 200, 201, 212, 209, 201, 191, 205, 209, 206, 210, 205, 213, 214, 209, 150, 140, 146, 157, 126, 126, 128, 128, 129, 127, 126, 127, 128, 130, 131, 122, 108, 110, 112, 112, 109, 106, 107, 107, 104, 146, 175, 169, 168, 227},
    {232, 150, 144, 143, 143, 143, 143, 140, 137, 136, 136, 136, 136, 136, 136, 136, 137, 136, 136, 136, 136, 139, 108, 29, 45, 30, 25, 26, 22, 18, 19, 20, 24, 34, 36, 35, 35, 38, 30, 23, 37, 48, 45, 92, 143, 139, 140, 141, 142, 142, 143, 142, 142, 142, 142, 143, 146, 146, 146, 146, 146, 146, 142, 164, 198, 102, 104, 104, 103, 103, 106, 109, 109, 110, 112, 112, 112, 111, 166, 217, 204, 206, 202, 203, 202, 198, 210, 208, 206, 192, 199, 213, 208, 210, 209, 208, 214, 207, 159, 141, 140, 137, 128, 127, 126, 124, 128, 127, 126, 128, 127, 128, 128, 125, 113, 108, 112, 110, 108, 108, 108, 105, 104, 133, 174, 170, 171, 228},
    {232, 150, 144, 143, 143, 143, 143, 140, 137, 136, 135, 136, 136, 136, 136, 136, 138, 136, 136, 135, 136, 140, 111, 39, 45, 30, 26, 25, 19, 18, 19, 23, 28, 39, 36, 35, 34, 37, 32, 24, 35, 48, 47, 83, 142, 141, 140, 141, 142, 142, 144, 143, 142, 142, 142, 143, 147, 146, 146, 146, 146, 146, 141, 164, 199, 104, 108, 109, 106, 105, 107, 109, 109, 110, 112, 112, 112, 110, 168, 215, 208, 206, 201, 205, 205, 198, 209, 209, 204, 194, 191, 213, 209, 213, 212, 202, 213, 209, 156, 136, 130, 126, 128, 128, 126, 122, 114, 109, 113, 123, 127, 129, 128, 130, 120, 107, 112, 112, 109, 107, 107, 107, 104, 124, 172, 169, 168, 226},
    {231, 148, 143, 143, 143, 143, 142, 138, 136, 136, 135, 136, 136, 136, 136, 136, 135, 138, 136, 136, 139, 140, 121, 55, 39, 29, 27, 23, 18, 19, 22, 23, 30, 40, 37, 35, 32, 36, 32, 24, 32, 47, 42, 71, 135, 142, 141, 141, 141, 141, 145, 143, 142, 142, 142, 142, 144, 145, 146, 146, 146, 145, 140, 163, 198, 105, 108, 107, 107, 108, 107, 108, 111, 112, 112, 112, 113, 109, 181, 217, 211, 204, 199, 205, 208, 196, 208, 213, 208, 197, 189, 212, 209, 208, 209, 201, 205, 211, 153, 133, 128, 124, 125, 127, 126, 108, 102, 102, 103, 105, 124, 131, 129, 129, 126, 111, 112, 112, 109, 105, 106, 106, 103, 118, 170, 169, 168, 226},
    {232, 148, 142, 143, 143, 144, 141, 137, 137, 137, 137, 136, 136, 136, 136, 136, 135, 137, 136, 136, 137, 138, 129, 60, 31, 22, 26, 24, 20, 19, 22, 25, 30, 35, 29, 30, 33, 35, 34, 23, 27, 45, 48, 52, 117, 141, 140, 139, 140, 140, 144, 143, 142, 142, 142, 142, 142, 145, 146, 146, 147, 145, 141, 163, 197, 101, 105, 107, 108, 107, 108, 110, 112, 112, 112, 112, 109, 111, 190, 216, 210, 205, 200, 204, 210, 194, 206, 212, 208, 200, 189, 208, 212, 206, 208, 199, 200, 209, 149, 132, 124, 123, 126, 127, 113, 101, 104, 106, 106, 100, 107, 125, 127, 128, 128, 113, 110, 111, 109, 105, 105, 105, 102, 113, 169, 169, 166, 225},
    {232, 148, 142, 143, 143, 143, 141, 138, 138, 139, 139, 137, 136, 136, 136, 136, 136, 135, 135, 135, 135, 138, 111, 45, 25, 25, 26, 25, 23, 23, 25, 27, 30, 35, 30, 31, 33, 35, 35, 23, 25, 42, 53, 42, 88, 140, 140, 141, 140, 140, 143, 143, 142, 142, 142, 142, 142, 143, 144, 144, 144, 144, 141, 166, 187, 68, 74, 76, 81, 84, 87, 93, 95, 99, 102, 104, 104, 108, 196, 215, 210, 205, 201, 203, 210, 192, 204, 214, 208, 206, 192, 197, 213, 206, 211, 200, 197, 204, 142, 127, 118, 123, 130, 123, 100, 105, 106, 104, 105, 104, 102, 118, 128, 127, 128, 115, 108, 108, 108, 105, 104, 103, 100, 110, 167, 169, 166, 226},
    {232, 148, 142, 143, 143, 142, 142, 140, 137, 136, 136, 135, 135, 135, 136, 135, 136, 138, 138, 138, 138, 140, 87, 32, 25, 32, 27, 25, 25, 25, 27, 29, 29, 37, 37, 35, 33, 35, 34, 23, 23, 38, 55, 47, 63, 134, 140, 140, 141, 140, 142, 142, 142, 142, 142, 142, 142, 142, 143, 141, 141, 144, 144, 166, 188, 76, 84, 81, 76, 74, 73, 72, 75, 79, 80, 82, 82, 84, 180, 216, 210, 206, 201, 202, 211, 195, 200, 215, 208, 208, 200, 192, 204, 210, 214, 210, 194, 201, 140, 128, 119, 121, 130, 120, 103, 107, 107, 105, 105, 103, 103, 115, 130, 127, 128, 114, 105, 107, 105, 106, 104, 102, 101, 111, 167, 169, 168, 226},
    {231, 147, 142, 143, 143, 141, 142, 140, 139, 137, 136, 136, 137, 137, 136, 138, 137, 138, 138, 138, 138, 135, 63, 29, 29, 32, 27, 25, 24, 23, 29, 31, 31, 33, 36, 34, 32, 34, 37, 26, 20, 36, 53, 53, 50, 117, 141, 140, 141, 140, 141, 142, 142, 142, 143, 143, 143, 142, 142, 142, 142, 143, 143, 165, 196, 107, 109, 110, 104, 103, 102, 100, 99, 97, 97, 97, 98, 100, 181, 213, 209, 205, 201, 201, 213, 204, 199, 212, 205, 205, 204, 193, 194, 199, 207, 217, 196, 197, 139, 129, 120, 114, 119, 105, 96, 100, 102, 104, 104, 106, 104, 112, 133, 130, 129, 115, 103, 106, 106, 107, 104, 103, 101, 113, 168, 168, 169, 226},
    {230, 143, 138, 139, 137, 137, 137, 136, 135, 135, 135, 135, 134, 134, 135, 135, 134, 134, 134, 134, 137, 112, 34, 21, 24, 23, 18, 15, 15, 19, 30, 27, 22, 23, 26, 28, 27, 26, 32, 23, 14, 25, 45, 52, 40, 87, 140, 138, 139, 138, 138, 138, 140, 140, 140, 140, 141, 139, 138, 138, 138, 138, 137, 161, 201, 121, 120, 116, 114, 112, 113, 112, 112, 113, 110, 110, 109, 108, 184, 207, 207, 204, 198, 199, 211, 206, 194, 207, 202, 201, 206, 196, 196, 191, 190, 211, 212, 185, 135, 124, 118, 99, 87, 80, 72, 71, 68, 69, 69, 70, 69, 83, 104, 108, 112, 102, 89, 94, 94, 95, 97, 97, 94, 109, 166, 165, 163, 224},
    {246, 212, 209, 210, 208, 209, 209, 209, 209, 208, 208, 208, 208, 208, 208, 208, 208, 208, 208, 208, 210, 193, 170, 171, 171, 170, 167, 165, 166, 170, 175, 172, 171, 170, 170, 171, 172, 171, 171, 171, 167, 169, 177, 181, 176, 185, 211, 212, 211, 211, 211, 211, 214, 212, 211, 212, 212, 211, 211, 211, 211, 211, 210, 219, 237, 211, 210, 207, 207, 207, 205, 204, 204, 204, 202, 201, 201, 200, 229, 239, 239, 238, 235, 236, 239, 239, 234, 240, 237, 236, 238, 237, 235, 235, 232, 237, 243, 235, 214, 207, 205, 194, 188, 193, 196, 196, 194, 190, 190, 187, 183, 182, 182, 182, 184, 182, 179, 179, 180, 180, 183, 185, 185, 194, 217, 216, 214, 242},
    {217, 220, 221, 220, 219, 219, 219, 219, 220, 220, 221, 220, 219, 219, 220, 221, 220, 221, 220, 219, 219, 222, 226, 226, 225, 226, 227, 226, 226, 225, 225, 225, 225, 226, 226, 225, 225, 225, 226, 225, 226, 226, 225, 224, 225, 223, 220, 219, 219, 220, 220, 220, 219, 220, 220, 221, 221, 220, 220, 220, 220, 220, 220, 219, 217, 218, 219, 220, 220, 220, 219, 219, 219, 219, 219, 220, 220, 221, 218, 219, 219, 219, 219, 218, 218, 219, 219, 218, 219, 219, 218, 218, 219, 219, 220, 219, 219, 219, 220, 221, 220, 219, 220, 220, 220, 221, 220, 221, 222, 223, 222, 221, 221, 221, 220, 221, 222, 222, 221, 220, 221, 222, 221, 220, 217, 217, 218, 216}
};